0.73662609409818381964031614913494
0.77603236636734982607753178788397
0.69522453087056464232525963032466
0.84754953018547181190793346646753
0.51683729627143127140759539161387
0.99886602181707218642253209755352
0.0045307691056338292465416706883604
0.018040964947781053110320464358187
0.070861954126135953975763122685523
0.26336215033424543049239822708348
0.77601011242227095990548443118659
0.69527367136258138378386680755348
0.84747277309031425269225462384536
0.5170506878437079333721699048856
0.99883709617622572202186190418726
0.0046462059138837165646672532090883
0.018498474737958034171364504706586
0.072625124681308650441448995355385
0.26940286378533209414440696853726
0.78729984307837558156433169968738
0.66983520066856306574769953909695
0.88462401845547566234110410237264
0.40825745770864766836339371277295
0.96633322373567771548470102705252
0.13013329776116140062505209866234
0.45279449029986522328293456027781
0.99108655941580192601100179317822
0.035335964644600178745911299264385
0.1363493369889429796371349407565
0.47103278116647458171342793421531
0.99664360093220260122055495226242
0.013380534612380350127666797195041
0.052805983623468966244107216525916
0.20007004686810757436146346241732
0.64016809285720325174783948258909
0.92141162297909778703128773759748
0.28964897607249096792974585172442
0.8230097869305940906571658380343
0.5826587101882088279276926600561
0.97267015052008680844138935990669
0.106331715229273920845936647097
0.38010112626269806950689890953032
0.9424970403061061176107662129855
0.2167854772813451918759488080203
0.67915813648497823820730206672026
0.87160944852491963779691067496098
0.44762567106802040812927819920019
0.98902771867569922185410962381121
0.043407561467364714032194580309118
0.16609338029928667258625887987779
0.55402547728017280967630483864882
0.98832499121859812620447211082906
0.046154811805424251717533775436772
0.17609818061052048737258862639688
0.58035044558473997456720673160335
0.97417522357733496130620670224197
0.1006314293815376104822018952568
0.36201897920866487766596894188773
0.92384495160552457876335980776226
0.28142182799404211121134491152291
0.80889433089013554847662982562217
0.61833716937574180598366609620422
0.94398525737654798267483793241582
0.21150836492912178054709073211814
0.66709030597652491265303631044562
0.88832331859468513222324280956446
0.3968200009424426729038114578128
0.95741555117792987636892936289667
0.16308405416236245636411820590567
0.54595058176132034054095857744189
0.99155417614318485788176614887129
0.033497967664779177264003068028551
0.12950341530843434375007305353323
0.45092912292754206806841830105852
0.99036819609335888985508724868713
0.038156129040580492774721786249622
0.14680095542887625095473322010112
0.50100173965618135734739753802399
0.99999598607064493462388150778017
0.000016055652973746034651783810259807
0.000064221580759014485167592523822933
0.00025686982539031719419222288848355
0.0010272153731324845685933489854081
0.0041046408068387394363729708444816
0.016351170922742294634015965948448
0.064335240528790246124243431832499
0.2407848694195718042259990617025
0.73123006431268623686662760747489
0.78613062943180394710819357997206
0.6725170516038387553281801243178
0.8809514676236737437516896523019
0.41950391726147622155141819123399
0.97408152265501093678675552216702
0.10098683950842540757575591163218
0.36315399101809974704214012584405
0.92509267930290270117170104495217
0.277184856012318069893681125005
0.80141364643899427613669405708095
0.63659925496139581248120210102647
0.92536257417596632603362359878685
0.27626672196158218084426065219197
0.79977368119273610708749823029589
0.64054296025662325758557490348474
0.92099070528922086192922481276499
0.29106730424033754315106905986425
0.82538851457040130249350501308542
0.57648925834267095708236068957953
0.97659757343275256556726954841458
0.091419011992048103579828587890219
0.33224630495378347443312867985994
0.88743479119336395652021906271392
0.39957713029181788319968824258112
0.95966098895829391444526910358143
0.15484710091953280026029214952373
0.52347790502539529785752243902464
0.9977951519024740728730553925166
0.0087999469695710537067412875743538
0.034890031611615163740433652220414
0.1346908692230226332816517261774
0.4661969558838769906606585828526
0.99542941683393376639318043596905
0.01819877174235322228338741487895
0.071470305797691792581616715636374
0.26544920474750486208677900626016
0.77994369778568841709553982058178
0.68652610428030060015634748829257
0.86083204968805770451752399131678
0.47920092767166022329594847546838
0.99826959436112196231972004133219
0.0069096453408119070821220878153885
0.027447608568304413546193731438036
0.10677694940874222275140877646727
0.38150252993482050655436377040603
0.94383339835260755942949072855889
0.21204765802710229340604914440643
0.66833379500929349487580592755994
0.88665493383107662590959480005469
0.40199184857634302436572303568854
0.96157760901807010056071876803319
0.14778444341264644550904485970141
0.50377680679144298451119871441674
0.99994294292184044059399359009761
0.00022821529059756519974174464154019
0.00091265283351481067444272646806119
0.0036472795932811522468499353920641
0.014535907779398348477983730438802
0.057298460657708700206651274889002
0.21606138825586283389273976378051
0.67751545904324852708126552416986
0.87395304720265901890528002103009
0.44063647395138350286243674220597
0.98590388710030092245570844857869
0.055589650003272059232444335793135
0.20999776326314309590964772351628
0.66359481075048001544224996191377
0.89294695158205851346654339775288
0.38237077296946944928266619835506
0.94465345979279960335015737718386
0.20913320277717258609807142803795
0.66158602509333839447781388766004
0.89555982597814005881673660209095
0.37412969628857421224466380219842
0.93662666657437372624127053739358
0.23742861614460269366659795964538
0.72422507352104641116569353062277
0.79889246561792532627391737364925
0.64265317598734930682514973246629
0.91860028552288938847931115175385
0.2990952038406219225790238318402
0.83854905152063497484932712827033
0.54153815885791378169456835373877
0.99309832543477887534068386855889
0.027416165813667617836869158702686
0.10665807866298040337307628203821
0.38112853167560755113063680160929
0.94347829607361185073734900752311
0.21330800364658347093507813041495
0.6712307969075704144042713129317
0.88272005676159349682931782988616
0.41410143260961060763388264398254
0.97048574448111492838038272742623
0.11457265696020413484570504261514
0.40578305294913408744321563276132
0.96449266755365731608989713801062
0.13698624715555033593658763823877
0.47288406098315525373322796052376
0.99705890340493902710094287129809
0.01172978618351797460264206633739
0.046368793198427701721913465558654
0.17687491286299658651728645860484
0.58236071225081580471772997030122
0.97286685231015327768912413339321
0.10558775994515075114851606859577
0.37775593957966387917331660192852
0.94022555876779684749723550279467
0.22480582963032417668106078249166
0.6970726743781833485147821566726
0.84464944405372206539525303448094
0.52486704285384121623641097017332
0.99752652071882089799996540162722
0.0098694447256987188516040952581477
0.039088155146020386367240651434585
0.15024108509320410541981407675438
0.51067480577288283424669030683028
0.99954419408684490926316257074079
0.0018223926164984943628744046069043
0.0072762860065993045381044649251697
0.028893366674197886734480888541752
0.11223416014571295073698518319691
0.39855061376839763784631637298932
0.95883208813292467629231465059144
0.15789245959832016976990948585943
0.53184972320125201065354205778559
0.99594238052801451749792360475706
0.016164620784824187025027656434581
0.063613303278828067635766587134296
0.238266603699135639420737874974
0.72598251704325872899969212087508
0.79572760796317311229994418785797
0.65018072755351916327155213569939
0.90978299628598259998603895830274
0.32831158381952948266366698997276
0.88209235099776619782031713956871
0.41602174123599934581201162912405
0.97179060821986618926867065831794
0.10965448798211491889696179334923
0.39052152498998053487610470725051
0.95205785403792217390296049959538
0.18257478641051460356555061335505
0.59696493511067830242127157281413
0.96239120543592778474948972809042
0.1447774925420385097734904378788
0.49526788078111397381935129774873
0.99991042819079299802176406892139
0.00035825514439198945068629554736501
0.0014325071905740245019037507688611
0.0057218204548919128694039787256142
0.022756324902295573490754000738101
0.088953898316946943393495522827628
0.32416440916466082857986643479607
0.87632737998234874875467128823301
0.43351081230248359307776406402228
0.98231675167729773153051833145443
0.069482204205839663513312259670112
0.25861771001815064195158261724256
0.7669383603324735481526268669806
0.7149756471320420500598993946053
0.81514188456063896278759349918245
0.60274237038227562292923095634973
0.95777602131292517147165714659437
0.16176445724363311667200796548425
0.54238687046522363984528335468985
0.9928134128486574075898770943692
0.028539760465834999891586197877452
0.11090097015355104592628863415995
0.39440777989020890410892317759307
0.9554011322091417155408102221042
0.1704392351305273117793832325352
0.56555880903459254571910687825838
0.98280817023186330721423185926407
0.067585083029440407414948971654868
0.25206935832537621462678380274397
0.75412158767523721384810766469669
0.7416888747096669030999028465419
0.76634595136629973618323051865753
0.71623933676312278278512487113588
0.81296219694497910298315341108508
0.60821865313348845047831523939599
0.95315489245589484151415948702114
0.17860257377314552181099110342841
0.58681477765901453286198337610869
0.96985277752006348458142131331014
0.11695346982672690334311599469405
0.41310142288886313254571358514019
0.9697945491842391988784735707558
0.11717232622710982510235329453336
0.41377188877455030448553029874745
0.9702588513379659048387865751238
0.11542645095318753084981126825046
0.40841274149415569680290561421841
0.96644709631753460133854609680474
0.12970842534776239420562679007742
0.45153659896626537692562461238519
0.99060519504097363947034944294806
0.037226170395232856935600762068802
0.14336153053175178294260417930208
0.49123600838138153717633978392464
0.99969276980363514134428164804883
0.0012285432238852010644384061510126
0.0049081356217289872846848247589304
0.019536183305790809168499432096617
0.076618083390533398638894590572082
0.28299101075237867513601771832892
0.81162839434290308884614785821559
0.61155097535705634453155492550096
0.95022551958755763259059610567357
0.18918792604845503401500454396802
0.61358341874375737293416131415543
0.94839522794592106514279803262314
0.19576687822130195459063966405081
0.62976883045115154020260207534712
0.93264020257336113898753207690434
0.2512898204691241507609003913287
0.75257298639087801494441551100691
0.7448275461823733962187483126146
0.76023789052127128745158514885397
0.72910496134815527920123300916953
0.79004366674264110220841080851566
0.66349868552993499133947143775546
0.89307271931993370512075587047152
0.3819753493057304646180918305792
0.94428072731398264671906062473811
0.2104585413494343752078322373114
0.66466297489001118609101586343947
0.89154441880148618247140750049048
0.3867718724216255746240071858666
0.94871756450038145954173259940569
0.19461018923538401822782711302986
0.62694825392460816249051087176262
0.93553656330197283307871510944152
0.24123160810842644492743933455104
0.73215567743139603838617509039618
0.78441496574547836848230610784717
0.67643250903999346513583045023873
0.87548627901541049681345335391197
0.43604021708464519515085041034805
0.98363658467768275048206911984208
0.064382615845226410332006259817758
0.24094997848860964595649365075262
0.7315723454197927793205775856757
0.78549699534710471272442682356635
0.67396586259110108005277630381328
0.87894351461173655123830017115336
0.42560725093481842755525342156703
0.97786287554609970511654666183074
0.086588288699251297817938865133768
0.31636302783754563123727825437002
0.86510984982002383695237344951127
0.46677919025759855902159010457829
0.9955855112002366620188121756566
0.017580004353600408099402527247855
0.069083791202111195187164083946143
0.2572448839810171960486985992403
0.76427981458644079379693117347752
0.72062471840862590337102618710377
0.80529893450845810574227626917378
0.6271702423520008336316716291219
0.9353109178405334939272502929707
0.24201761923532919308853173177303
0.73378036485996964019278596317608
0.7813869640237578889360606106236
0.68328550590996953408760396810633
0.86562569329330609196893212785458
0.46527140961515705855778579592129
0.99517570003952717758565831540341
0.019204104361456817353729078602811
0.075341226948524370396552047058796
0.27865970588166126233497956410473
0.80403389679842920805306779829485
0.63025355839024839101349297916919
0.93213604210671261192456328088706
0.2530337644493820179659474435764
0.75603071399182669921729853822649
