0.032193
0.12463
0.43638
0.98381
0.063716
0.23863
0.72673
0.79437
0.65339
0.90589
0.34101
0.8989
0.36353
0.9255
0.27578
0.79891
0.64262
0.91864
0.29898
0.83836
0.54206
0.99292
0.028106
0.10926
0.3893
0.95098
0.18647
0.60679
0.95438
0.17416
0.5753
0.97732
0.088668
0.32322
0.875
0.4375
0.98437
0.06153
0.23098
0.71051
0.82275
0.58333
0.97222
0.10802
0.38542
0.94749
0.19902
0.63764
0.92422
0.28016
0.80669
0.62377
0.93872
0.23009
0.7086
0.82594
0.57505
0.97747
0.088092
0.32133
0.8723
0.44556
0.98815
0.046849
0.17862
0.58685
0.96983
0.11705
0.41341
0.97001
0.11637
0.41131
0.96853
0.1219
0.42818
0.97937
0.080835
0.2972
0.83549
0.54978
0.99009
0.039256
0.15086
0.51241
0.99938
0.0024608
0.0098189
0.03889
0.14951
0.50863
0.9997
0.0011911
0.0047587
0.018944
0.074341
0.27526
0.79797
0.64486
0.91606
0.30759
0.85191
0.50465
0.99991
0.00034564
0.0013821
0.0055207
0.021961
0.085914
0.31413
0.86181
0.47637
0.99777
0.008916
0.035346
0.13639
0.47114
0.99667
0.013282
0.05242
0.19869
0.63685
0.92509
0.2772
0.80144
0.63655
0.92542
0.27607
0.79941
0.64141
0.92002
0.29434
0.83081
0.56225
0.9845
0.061041
0.22926
0.7068
0.82894
0.56719
0.98194
0.070938
0.26362
0.7765
0.69419
0.84916
0.51234
0.99939
0.0024332
0.009709
0.038459
0.14792
0.50416
0.99993
0.00027649
0.0011056
0.0044177
0.017593
0.069133
0.25741
0.76461
0.71993
0.80652
0.62417
0.93833
0.23148
0.7116
0.82091
0.58808
0.96897
0.12027
0.42322
0.97642
0.092102
0.33448
0.89041
0.39032
0.95188
0.1832
0.59856
0.96115
0.14938
0.50827
0.99973
0.0010928
0.0043665
0.01739
0.068349
0.25471
0.75933
0.73099
0.78658
0.67148
0.88238
0.41515
0.9712
0.11188
0.39744
0.95793
0.16122
0.5409
0.99331
0.026588
0.10353
0.37123
0.93368
0.2477
0.74538
0.75915
0.73137
0.78587
0.67311
0.88013
0.42201
0.97567
0.094945
0.34372
0.90231
0.3526
0.91309
0.31744
0.86668
0.46218
0.99428
0.022756
0.088954
0.32416
0.87633
0.43351
0.98232
0.069478
0.2586
0.76691
0.71503
0.81505
0.60297
0.95759
0.16246
0.54425
0.99217
0.03109
0.1205
0.42391
0.97684
0.0905
0.32924
0.88336
0.41213
0.96911
0.11973
0.42158
0.9754
0.095973
0.34705
0.90642
0.33928
0.89667
0.3706
0.93302
0.24997
0.74994
0.75012
0.74975
0.7505
0.74901
0.75198
0.74601
0.75791
0.73393
0.7811
0.68393
0.86468
0.46805
0.99592
0.01627
0.064022
0.23969
0.72896
0.79031
0.66287
0.89389
0.37941
0.94183
0.21913
0.68446
0.8639
0.47031
0.99647
0.014055
0.055429
0.20942
0.66226
0.89468
0.37691
0.93939
0.22773
0.70348
0.83438
0.55277
0.98886
0.044061
0.16848
0.56037
0.98542
0.057471
0.21667
0.6789
0.87198
0.44654
0.98857
0.04521
0.17266
0.5714
0.97961
0.07991
0.2941
0.83041
0.56331
0.98397
0.063093
0.23645
0.72216
0.80258
0.63378
0.92841
0.26586
0.78072
0.68478
0.86343
0.47169
0.99679
0.012786
0.050492
0.19177
0.61997
0.94242
0.21704
0.67974
0.87078
0.4501
0.99004
0.039451
0.15158
0.51441
0.99917
0.0033183
0.013229
0.052216
0.19796
0.63509
0.92701
0.27066
0.78961
0.66449
0.89177
0.38607
0.94808
0.19689
0.6325
0.92978
0.26117
0.77184
0.70441
0.83287
0.55679
0.9871
0.050942
0.19339
0.62395
0.93854
0.23072
0.70995
0.82369
0.58091
0.97381
0.102
0.36639
0.9286
0.26522
0.77952
0.68748
0.85941
0.4833
0.99888
0.0044576
0.017751
0.069744
0.25952
0.76867
0.71126
0.82148
0.5866
0.97
0.1164
0.41141
0.96861
0.12163
0.42735
0.97889
0.082667
0.30333
0.84529
0.52311
0.99786
0.0085277
0.03382
0.1307
0.45448
0.99171
0.032872
0.12717
0.44398
0.98745
0.049583
0.1885
0.61186
0.94995
0.19019
0.61607
0.94611
0.20393
0.64937
0.91075
0.32514
0.8777
0.42937
0.98005
0.078219
0.2884
0.82091
0.58807
0.96898
0.12025
0.42315
0.97638
0.092261
0.33499
0.89109
0.38819
0.94999
0.19003
0.61568
0.94647
0.20265
0.64632
0.91436
0.31322
0.86046
0.48028
0.99844
0.0062124
0.024695
0.096341
0.34824
0.90787
0.33456
0.89052
0.38998
0.95158
0.18431
0.60135
0.95891
0.15761
0.53107
0.99614
0.015387
0.060601
0.22772
0.70344
0.83444
0.55259
0.98894
0.043767
0.16741
0.55753
0.98676
0.052247
0.19807
0.63535
0.92672
0.27164
0.79141
0.66032
0.89719
0.36897
0.93132
0.25584
0.76155
0.72636
0.79504
0.65179
0.90783
0.33469
0.89068
0.38946
0.95113
0.18594
0.60547
0.9555
0.17008
0.56461
0.9833
0.065666
0.24542
0.74075
0.76816
0.71236
0.81961
0.5914
0.96658
0.1292
0.45003
0.99001
0.039554
0.15196
0.51547
0.99904
0.0038247
0.01524
0.060033
0.22571
0.69907
0.84148
0.53356
0.9955
0.017934
0.070451
0.26195
0.77333
0.70116
0.83813
0.54266
0.99272
0.028908
0.11229
0.39872
0.95897
0.15739
0.53046
0.99629
0.014794
0.058299
0.2196
0.68551
0.86235
0.47481
0.99746
0.010123
0.040082
0.1539
0.52086
0.99826
0.006952
0.027615
0.10741
0.38349
0.9457
0.20541
0.65286
0.90654
0.3389
0.89619
0.37215
0.93462
0.24444
0.73875
0.77199
0.70409
0.83339
0.55541
0.98772
0.048514
0.18464
0.6022
0.95822
0.16012
0.53794
0.99424
0.022895
0.089482
0.3259
0.87876
0.42618
0.9782
0.085298
0.31209
0.85876
0.48518
0.99912
0.0035118
0.013998
0.055208
0.20864
0.66043
0.89704
0.36943
0.9318
0.25419
0.75831
0.7331
0.78266
0.68041
0.86981
0.45297
0.99115
0.03507
0.13536
0.46816
0.99594
0.016159
0.063593
0.23819
0.72583
0.796
0.64954
0.91055
0.32578
0.87859
0.42669
0.9785
0.084151
0.30828
0.85297
0.50164
0.99999
4.2924e-05
0.00017169
0.00068663
0.0027446
0.010948
0.043314
0.16575
0.55312
0.98872
0.04463
0.17055
0.56586
0.98265
0.06819
0.25416
0.75825
0.73322
0.78244
0.68092
0.86908
0.45513
0.99195
0.03195
0.12372
0.43365
0.98239
0.069205
0.25766
0.76509
0.71891
0.80831
0.61978
0.94261
0.21637
0.67822
0.87295
0.44363
0.98729
0.050194
0.1907
0.61733
0.94494
0.20812
0.65922
0.89859
0.3645
0.92656
0.2722
0.79242
0.65795
0.9002
0.35935
0.92086
0.29149
0.8261
0.57464
0.97771
0.087158
0.31825
0.86786
0.4587
0.99318
0.0271
0.10546
0.37736
0.93984
0.22617
0.70007
0.83988
0.53792
0.99425
0.022873
0.089398
0.32562
0.87837
0.42734
0.97888
0.082689
0.30341
0.8454
0.52278
0.99792
0.0082881
0.032878
0.12719
0.44404
0.98747
0.049475
0.18811
0.61089
0.95081
0.18707
0.60831
0.95308
0.17889
0.58756
0.96933
0.1189
0.41905
0.97379
0.1021
0.36669
0.92892
0.26413
0.77746
0.69207
0.85243
0.50316
0.99996
0.00015986
0.00063933
0.0025557
0.010197
0.040371
0.15496
0.5238
0.99773
0.0090407
0.035836
0.13821
0.47642
0.99778
0.0088746
0.035183
0.13578
0.46938
0.99625
0.014945
0.058885
0.22167
0.69013
0.8554
0.49475
0.99989
0.00044073
0.0017621
0.0070362
0.027947
0.10866
0.38742
0.9493
0.19251
0.6218
0.94066
0.22327
0.69368
0.84995
0.51015
0.99959
0.0016474
0.0065786
0.026141
0.10183
0.36585
0.92801
0.26722
0.78325
0.67908
0.87172
0.44729
0.98889
0.04396
0.16811
0.5594
0.98589
0.055655
0.21023
0.66414
0.89224
0.3846
0.94673
0.20171
0.6441
0.91694
0.30464
0.84733
0.51744
0.99878
0.004859
0.019341
0.07587
0.28045
0.8072
0.62252
0.93996
0.22576
0.69916
0.84134
0.53395
0.99539
0.018357
0.072079
0.26754
0.78384
0.67774
0.87364
0.44159
0.98635
0.053848
0.20379
0.64904
0.91114
0.32385
0.87588
0.43486
0.98303
0.066746
0.24916
0.74832
0.75334
0.74327
0.76327
0.72275
0.80153
0.63633
0.92566
0.27526
0.79798
0.64484
0.91608
0.30751
0.85178
0.505
0.9999
0.00039917
0.001596
0.0063739
0.025333
0.098766
0.35604
0.91711
0.30409
0.84647
0.51984
0.99843
0.0062853
0.024983
0.097436
0.35177
0.91211
0.32066
0.87135
0.4484
0.98935
0.04215
0.16149
0.54166
0.99306
0.02757
0.10724
0.38296
0.94521
0.20716
0.65699
0.90142
0.35546
0.91643
0.30635
0.85
0.51001
0.9996
0.0016012
0.0063946
0.025415
0.099076
0.35704
0.91825
0.30026
0.84042
0.53645
0.99469
0.021142
0.082779
0.30371
0.84587
0.52149
0.99815
0.0073724
0.029272
0.11366
0.40297
0.96234
0.14497
0.49581
0.99993
0.00028139
0.0011253
0.004496
0.017903
0.07033
0.26153
0.77254
0.7029
0.83533
0.55021
0.98992
0.039923
0.15332
0.51925
0.99852
0.0059177
0.023531
0.091908
0.33385
0.88957
0.39294
0.95415
0.17498
0.57745
0.976
0.093682
0.33962
0.89712
0.3692
0.93156
0.25501
0.75992
0.72977
0.78883
0.66631
0.88937
0.39357
0.95469
0.17304
0.57238
0.97905
0.082057
0.3013
0.84207
0.53196
0.99591
0.016281
0.064065
0.23984
0.72927
0.78974
0.66421
0.89214
0.38489
0.947
0.20077
0.64184
0.91952
0.296
0.83353
0.55504
0.98788
0.047877
0.18234
0.59636
0.96286
0.14306
0.49036
0.99963
0.0014858
0.0059343
0.023596
0.092159
0.33466
0.89065
0.38956
0.95121
0.18563
0.60468
0.95617
0.16764
0.55816
0.98647
0.05339
0.20216
0.64516
0.91572
0.30872
0.85364
0.49974
1
1.0504e-06
4.2016e-06
1.6806e-05
6.7225e-05
0.00026888
0.0010752
0.0042963
0.017111
0.067275
0.25099
0.75199
0.74601
0.75791
0.73393
0.78111
0.6839
0.86472
0.46793
0.99588
0.016393
0.064497
0.24135
0.7324
0.78396
0.67746
0.87403
0.44042
0.9858
0.055997
0.21145
0.66695
0.88851
0.39623
0.95693
0.16488
0.55077
0.98969
0.040809
0.15657
0.52824
0.99681
0.012715
0.050213
0.19077
0.6175
0.94478
0.20868
0.66054
0.89691
0.36986
0.93225
0.25263
0.75523
0.73943
0.77069
0.70691
0.82875
0.56769
0.98167
0.071971
0.26716
0.78315
0.6793
0.8714
0.44825
0.98929
0.042397
0.1624
0.5441
0.99222
0.030872
0.11967
0.42141
0.97529
0.096382
0.34837
0.90803
0.33404
0.88983
0.39213
0.95346
0.17751
0.58399
0.97178
0.10968
0.39061
0.95213
0.18231
0.59629
0.96292
0.14283
0.48973
0.99958
0.0016878
0.00674
0.026778
0.10424
0.37351
0.936
0.23961
0.7288
0.79061
0.66219
0.89477
0.37661
0.9391
0.22876
0.70571
0.83074
0.56246
0.9844
0.061441
0.23066
0.70983
0.82388
0.5804
0.97415
0.10075
0.36238
0.92425
0.28006
0.8065
0.62423
0.93827
0.23168
0.71201
0.8202
0.58989
0.96768
0.1251
0.4378
0.98452
0.060949
0.22894
0.7061
0.8301
0.56415
0.98354
0.064753
0.24224
0.73424
0.78053
0.68521
0.86279
0.47354
0.9972
0.011174
0.044197
0.16898
0.56169
0.98478
0.059967
0.22548
0.69856
0.84229
0.53134
0.99607
0.015655
0.06164
0.23136
0.71134
0.82135
0.58695
0.96976
0.1173
0.41418
0.97054
0.11438
0.40517
0.96403
0.13869
0.47783
0.99803
0.0078457
0.031136
0.12067
0.42443
0.97716
0.089288
0.32526
0.87787
0.42886
0.97976
0.07933
0.29215
0.82719
0.5718
0.97938
0.080775
0.297
0.83517
0.55065
0.98974
0.040624
0.15589
0.52636
0.99722
0.01109
0.043869
0.16778
0.55852
0.9863
0.054036
0.20446
0.65063
0.90924
0.33009
0.88452
0.40856
0.96656
0.12929
0.45031
0.99012
0.03912
0.15036
0.51101
0.99952
0.0019371
0.0077333
0.030694
0.11901
0.41938
0.974
0.10129
0.36413
0.92616
0.27354
0.79487
0.65222
0.90732
0.33636
0.89289
0.38255
0.94482
0.20853
0.66019
0.89736
0.36842
0.93074
0.25784
0.76544
0.71817
0.8096
0.61659
0.94562
0.20568
0.6535
0.90575
0.34146
0.89946
0.36173
0.92352
0.28251
0.8108
0.61362
0.94836
0.19589
0.63007
0.93233
0.25238
0.75474
0.74044
0.76876
0.71108
0.82178
0.58584
0.97053
0.11442
0.40531
0.96413
0.13832
0.47676
0.99784
0.0086204
0.034184
0.13206
0.45849
0.99311
0.027382
0.10653
0.38072
0.94309
0.21468
0.67437
0.87837
0.42733
0.97888
0.082702
0.30345
0.84547
0.5226
0.99796
0.0081562
0.032359
0.12525
0.43824
0.98474
0.0601
0.22595
0.69959
0.84065
0.53583
0.99486
0.020438
0.080083
0.29468
0.83137
0.56078
0.98523
0.058225
0.21934
0.68492
0.86323
0.47227
0.99692
0.012266
0.048464
0.18446
0.60174
0.9586
0.15876
0.53422
0.99532
0.018643
0.073182
0.2713
0.79079
0.66176
0.89534
0.37482
0.93732
0.235
0.71909
0.80799
0.62056
0.94186
0.21905
0.68426
0.86419
0.46947
0.99627
0.014861
0.058559
0.22052
0.68756
0.85928
0.48366
0.99893
0.0042654
0.016989
0.0668
0.24935
0.7487
0.75259
0.7448
0.76029
0.72899
0.79025
0.66302
0.89369
0.38002
0.94242
0.21705
0.67976
0.87074
0.45021
0.99008
0.03927
0.15091
0.51255
0.99937
0.0025193
0.010052
0.039803
0.15288
0.51802
0.9987
0.0051871
0.020641
0.080859
0.29728
0.83562
0.54943
0.99023
0.038706
0.14883
0.50672
0.99982
0.00072236
0.0028873
0.011516
0.045534
0.17384
0.57448
0.97781
0.086794
0.31704
0.8661
0.46387
0.99478
0.020779
0.081387
0.29905
0.83848
0.54172
0.99304
0.027658
0.10757
0.384
0.94618
0.2037
0.64882
0.91141
0.32297
0.87464
0.43857
0.98491
0.059459
0.22369
0.69462
0.84849
0.51421
0.99919
0.0032294
0.012876
0.05084
0.19302
0.62305
0.93943
0.2276
0.7032
0.83485
0.55151
0.98939
0.042004
0.16096
0.54021
0.99353
0.0257
0.10016
0.36051
0.92217
0.2871
0.8187
0.59372
0.96486
0.13561
0.46887
0.99612
0.015442
0.060813
0.22846
0.70506
0.8318
0.55965
0.98577
0.056114
0.21186
0.6679
0.88724
0.40019
0.96015
0.15305
0.51851
0.99863
0.0054759
0.021784
0.085237
0.31189
0.85845
0.48604
0.99922
0.0031139
0.012417
0.04905
0.18658
0.60706
0.95415
0.17499
0.57747
0.97599
0.093725
0.33976
0.8973
0.36862
0.93096
0.25711
0.76402
0.72118
0.80432
0.62956
0.93286
0.25053
0.75106
0.74788
0.75423
0.74148
0.76676
0.71536
0.81447
0.60442
0.95638
0.16686
0.55606
0.98743
0.049656
0.18876
0.61252
0.94936
0.19232
0.62132
0.94112
0.22164
0.69006
0.85551
0.49445
0.99988
0.00049313
0.0019715
0.0078706
0.031235
0.12104
0.42555
0.97783
0.086725
0.31682
0.86577
0.46484
0.99506
0.019682
0.077179
0.28489
0.81491
0.60333
0.95729
0.16354
0.54719
0.99109
0.035313
0.13626
0.47079
0.99659
0.013608
0.053692
0.20324
0.64773
0.91271
0.31869
0.86851
0.4568
0.99254
0.029636
0.11503
0.4072
0.96555
0.13305
0.4614
0.99404
0.023701
0.092557
0.33596
0.89237
0.3842
0.94636
0.20306
0.64731
0.9132
0.31706
0.86613
0.46381
0.99476
0.020848
0.081652
0.29994
0.8399
0.53787
0.99426
0.022813
0.089169
0.32487
0.87732
0.43052
0.98069
0.075744
0.28003
0.80645
0.62435
0.93814
0.23212
0.71296
0.81859
0.59401
0.96465
0.1364
0.47117
0.99668
0.013254
0.052313
0.1983
0.63592
0.92611
0.27374
0.79522
0.65139
0.90833
0.33307
0.88853
0.39617
0.95688
0.16505
0.55123
0.9895
0.04155
0.15929
0.53568
0.99491
0.020261
0.079403
0.29239
0.8276
0.57072
0.98
0.078415
0.28906
0.82203
0.5852
0.97096
0.11277
0.40021
0.96017
0.15299
0.51832
0.99866
0.0053646
0.021343
0.083551
0.30628
0.84989
0.5103
0.99958
0.001698
0.0067805
0.026938
0.10485
0.37543
0.93793
0.23288
0.7146
0.81579
0.6011
0.95911
0.15686
0.52902
0.99663
0.013427
0.052988
0.20072
0.64173
0.91965
0.29558
0.83285
0.55685
0.98707
0.051047
0.19376
0.62488
0.93762
0.23395
0.71687
0.81187
0.61095
0.95076
0.18727
0.60881
0.95264
0.18045
0.59156
0.96647
0.12964
0.45134
0.99053
0.03753
0.14449
0.49444
0.99988
0.00049383
0.0019743
0.0078818
0.031279
0.1212
0.42604
0.97812
0.085596
0.31308
0.86024
0.48091
0.99854
0.0058197
0.023143
0.09043
0.32901
0.88305
0.41309
0.96979
0.11721
0.41387
0.97033
0.11516
0.40759
0.96584
0.13196
0.45818
0.99301
0.027783
0.10805
0.38549
0.94755
0.19881
0.63714
0.92478
0.27826
0.80333
0.63196
0.93035
0.25921
0.76808
0.71253
0.81932
0.59214
0.96604
0.13122
0.45601
0.99226
0.030719
0.1191
0.41966
0.97418
0.1006
0.36191
0.92372
0.28183
0.80961
0.61657
0.94564
0.20561
0.65334
0.90594
0.34084
0.89868
0.36423
0.92626
0.2732
0.79424
0.65369
0.90552
0.3422
0.9004
0.35871
0.92015
0.2939
0.83009
0.56417
0.98353
0.064804
0.24242
0.73461
0.77984
0.68676
0.86049
0.4802
0.99843
0.0062651
0.024903
0.097132
0.35079
0.91095
0.3245
0.87679
0.43211
0.98156
0.072383
0.26858
0.78577
0.67334
0.87981
0.42296
0.97626
0.0927
0.33643
0.89298
0.38228
0.94457
0.20944
0.6623
0.89463
0.37706
0.93955
0.22719
0.7023
0.83629
0.54763
0.99093
0.035965
0.13869
0.47781
0.99803
0.0078625
0.031203
0.12092
0.42518
0.97761
0.087558
0.31957
0.86978
0.45306
0.99119
0.034941
0.13488
0.46676
0.99558
0.017605
0.06918
0.25758
0.76493
0.71926
0.8077
0.62127
0.94117
0.22147
0.68968
0.85608
0.49282
0.99979
0.00082439
0.0032949
0.013136
0.051854
0.19666
0.63194
0.93037
0.25913
0.76793
0.71285
0.81878
0.59352
0.96502
0.13503
0.46719
0.99569
0.017148
0.067417
0.25149
0.75297
0.74403
0.76179
0.72586
0.79596
0.64964
0.91043
0.32619
0.87916
0.42495
0.97747
0.088089
0.32132
0.87229
0.44561
0.98817
0.04678
0.17837
0.5862
0.97027
0.11537
0.40823
0.96631
0.13022
0.45305
0.99118
0.034965
0.13497
0.46701
0.99565
0.01734
0.068159
0.25405
0.75804
0.73366
0.78161
0.68278
0.86637
0.46309
0.99455
0.021676
0.084826
0.31052
0.85639
0.49194
0.99974
0.0010385
0.0041496
0.01653
0.065025
0.24319
0.73619
0.77685
0.69341
0.85037
0.50895
0.99968
0.0012814
0.0051191
0.020371
0.079826
0.29381
0.82995
0.56453
0.98334
0.065518
0.2449
0.7397
0.77017
0.70803
0.8269
0.57254
0.97895
0.082429
0.30254
0.84404
0.52656
0.99718
0.011253
0.044504
0.17009
0.56465
0.98328
0.065749
0.24571
0.74134
0.76703
0.71479
0.81546
0.60194
0.95843
0.15935
0.53584
0.99486
0.020441
0.080092
0.29471
0.83142
0.56063
0.98529
0.05796
0.2184
0.68281
0.86632
0.46324
0.9946
0.0215
0.084152
0.30828
0.85297
0.50164
0.99999
4.2823e-05
0.00017128
0.00068502
0.0027382
0.010923
0.043214
0.16539
0.55214
0.98913
0.043019
0.16467
0.55022
0.98991
0.039946
0.1534
0.51948
0.99848
0.0060603
0.024094
0.094055
0.34083
0.89867
0.36426
0.9263
0.27307
0.794
0.65425
0.90483
0.34446
0.90323
0.34962
0.90955
0.32908
0.88314
0.4128
0.96959
0.11795
0.41615
0.97187
0.10934
0.38954
0.95119
0.18571
0.60488
0.956
0.16825
0.55977
0.98571
0.056351
0.2127
0.66984
0.88462
0.40826
0.96634
0.13011
0.45274
0.99106
0.035422
0.13667
0.47196
0.99686
0.012539
0.049529
0.1883
0.61138
0.95038
0.18864
0.61221
0.94963
0.19131
0.61885
0.94349
0.21325
0.6711
0.8829
0.41354
0.9701
0.11603
0.41027
0.9678
0.12467
0.43651
0.98388
0.063457
0.23772
0.72484
0.79779
0.64529
0.91556
0.30922
0.85442
0.49756
0.99998
9.5618e-05
0.00038243
0.0015291
0.0061072
0.02428
0.094761
0.34313
0.90156
0.35499
0.91589
0.30814
0.85276
0.50225
0.99998
8.0724e-05
0.00032287
0.0012911
0.0051576
0.020524
0.080411
0.29578
0.83318
0.55598
0.98747
0.049507
0.18823
0.61119
0.95055
0.18802
0.61067
0.95101
0.18637
0.60656
0.95458
0.17341
0.57337
0.97847
0.084265
0.30866
0.85355
0.50001
1
5.5856e-10
2.2342e-09
8.9369e-09
3.5748e-08
1.4299e-07
5.7196e-07
2.2878e-06
9.1514e-06
3.6605e-05
0.00014641
0.00058557
0.0023409
0.0093418
0.037018
0.14259
0.48903
0.99952
0.0019229
0.0076768
0.030472
0.11817
0.41683
0.97233
0.10761
0.38413
0.9463
0.20327
0.6478
0.91262
0.31898
0.86893
0.45557
0.9921
0.031336
0.12142
0.4267
0.97851
0.084117
0.30816
0.8528
0.50214
0.99998
7.3191e-05
0.00029274
0.0011706
0.004677
0.018621
0.073095
0.27101
0.79025
0.66301
0.89371
0.37997
0.94237
0.21724
0.68018
0.87015
0.45197
0.99077
0.036575
0.14095
0.48433
0.99902
0.0039262
0.015643
0.061594
0.2312
0.71099
0.82194
0.58542
0.97081
0.11334
0.40197
0.96156
0.14784
0.50393
0.99994
0.00024651
0.00098581
0.0039394
0.015695
0.061796
0.23191
0.71251
0.81936
0.59204
0.96611
0.13096
0.45524
0.99199
0.031796
0.12314
0.43191
0.98145
0.072805
0.27002
0.78843
0.66723
0.88814
0.39739
0.95789
0.16136
0.54128
0.99318
0.027082
0.1054
0.37715
0.93963
0.22689
0.70165
0.83734
0.5448
0.99197
0.031856
0.12336
0.43258
0.98182
0.071402
0.26521
0.7795
0.68752
0.85935
0.48347
0.99891
0.0043685
0.017398
0.068381
0.25482
0.75955
0.73055
0.7874
0.66962
0.88492
0.40734
0.96566
0.13266
0.46023
0.99367
0.025145
0.098051
0.35375
0.91444
0.31295
0.86005
0.48145
0.99862
0.0054971
0.021867
0.085557
0.31295
0.86005
0.48147
0.99863
0.0054889
0.021835
0.085433
0.31254
0.85943
0.48324
0.99888
0.0044907
0.017882
0.07025
0.26126
0.77201
0.70404
0.83347
0.55518
0.98782
0.048129
0.18325
0.59867
0.96105
0.14972
0.50921
0.99966
0.0013578
0.0054239
0.021578
0.08445
0.30927
0.85449
0.49734
0.99997
0.00011295
0.00045175
0.0018062
0.0072116
0.028638
0.11127
0.39557
0.95637
0.16689
0.55615
0.98739
0.04981
0.18931
0.6139
0.94811
0.1968
0.63227
0.93002
0.26034
0.77026
0.70784
0.82721
0.57174
0.97942
0.080644
0.29656
0.83445
0.55256
0.98895
0.043715
0.16721
0.55702
0.987
0.051337
0.1948
0.62742
0.93505
0.24291
0.73563
0.77792
0.69104
0.85402
0.49869
0.99999
2.7353e-05
0.00010941
0.00043758
0.0017496
0.006986
0.027749
0.10792
0.38508
0.94717
0.20015
0.64035
0.92121
0.29033
0.82416
0.57968
0.97461
0.099
0.3568
0.91797
0.3012
0.84192
0.53237
0.99581
0.016693
0.065656
0.24538
0.74068
0.7683
0.71207
0.82011
0.59013
0.96751
0.12574
0.43971
0.98546
0.057305
0.21609
0.67757
0.87388
0.44087
0.98601
0.055166
0.20849
0.66009
0.89748
0.36804
0.93034
0.25922
0.76811
0.71248
0.81941
0.5919
0.96622
0.13056
0.45406
0.99156
0.033483
0.12945
0.45077
0.9903
0.038407
0.14773
0.50362
0.99995
0.00020942
0.00083751
0.0033472
0.013344
0.052664
0.19956
0.63895
0.92277
0.28505
0.81519
0.60263
0.95787
0.16142
0.54145
0.99313
0.027297
0.10621
0.37971
0.94212
0.21811
0.68216
0.86727
0.46044
0.99374
0.024878
0.097036
0.35048
0.91058
0.32571
0.87849
0.42699
0.97868
0.083478
0.30604
0.84952
0.51135
0.99948
0.0020609
0.0082268
0.032636
0.12628
0.44135
0.98624
0.054283
0.20534
0.65271
0.90671
0.33833
0.89546
0.37446
0.93695
0.23628
0.72181
0.8032
0.63228
0.93001
0.26037
0.77031
0.70773
0.8274
0.57125
0.9797
0.079567
0.29294
0.82851
0.56832
0.98133
0.073282
0.27165
0.79142
0.6603
0.89721
0.36889
0.93124
0.25612
0.76209
0.72523
0.79709
0.64695
0.91363
0.31565
0.86406
0.46985
0.99636
0.014495
0.057139
0.2155
0.67623
0.87577
0.4352
0.9832
0.066065
0.2468
0.74357
0.7627
0.72395
0.79939
0.64147
0.91995
0.29458
0.83121
0.5612
0.98502
0.059028
0.22217
0.69125
0.85369
0.49962
1
2.3672e-06
9.4689e-06
3.7875e-05
0.0001515
0.00060589
0.0024221
0.0096649
0.038286
0.14728
0.50236
0.99998
8.8802e-05
0.00035518
0.0014202
0.0056728
0.022562
0.088213
0.32173
0.87287
0.44386
0.98739
0.049792
0.18925
0.61374
0.94825
0.19628
0.63103
0.93133
0.25582
0.76151
0.72645
0.79488
0.65218
0.90736
0.33623
0.89271
0.38311
0.94534
0.20668
0.65586
0.90284
0.35089
0.91107
0.32409
0.87623
0.43382
0.98248
0.068852
0.25645
0.76272
0.7239
0.79947
0.64127
0.92017
0.29383
0.82998
0.56445
0.98338
0.065359
0.24435
0.73857
0.77233
0.70334
0.83461
0.55214
0.98913
0.043024
0.16469
0.55027
0.98989
0.040029
0.15371
0.52032
0.99835
0.0065964
0.026212
0.1021
0.3667
0.92892
0.2641
0.77741
0.69218
0.85227
0.50363
0.99995
0.00021101
0.00084386
0.0033726
0.013445
0.053056
0.20097
0.64231
0.91899
0.29779
0.83645
0.5472
0.99109
0.035329
0.13632
0.47096
0.99663
0.013447
0.053066
0.201
0.6424
0.91889
0.29812
0.83698
0.54579
0.99161
0.033261
0.12862
0.4483
0.98931
0.042308
0.16207
0.54321
0.99253
0.029657
0.11511
0.40744
0.96573
0.13238
0.45943
0.99342
0.026158
0.1019
0.36605
0.92823
0.26648
0.78187
0.68219
0.86722
0.46059
0.99379
0.024693
0.096333
0.34821
0.90784
0.33467
0.89066
0.38954
0.95119
0.18571
0.60488
0.956
0.16826
0.5598
0.9857
0.056398
0.21287
0.67022
0.8841
0.40987
0.96751
0.12574
0.43973
0.98547
0.057271
0.21596
0.67729
0.87427
0.4397
0.98546
0.057332
0.21618
0.67778
0.87357
0.44178
0.98644
0.053506
0.20257
0.64615
0.91456
0.31256
0.85946
0.48315
0.99886
0.004535
0.018058
0.070926
0.26358
0.77643
0.69435
0.84891
0.51305
0.99932
0.002723
0.010862
0.042978
0.16452
0.54982
0.99007
0.039321
0.1511
0.51308
0.99932
0.0027344
0.010908
0.043154
0.16517
0.55155
0.98937
0.042069
0.1612
0.54085
0.99333
0.026518
0.10326
0.37039
0.9328
0.25073
0.75146
0.74708
0.7558
0.73826
0.77293
0.70203
0.83674
0.54643
0.99138
0.03419
0.13208
0.45855
0.99313
0.027298
0.10621
0.37972
0.94213
0.21809
0.68212
0.86733
0.46026
0.99368
0.025107
0.097907
0.35328
0.9139
0.31475
0.86273
0.4737
0.99723
0.011035
0.043651
0.16698
0.5564
0.98728
0.050247
0.19089
0.6178
0.94449
0.20971
0.66293
0.89382
0.37963
0.94205
0.21837
0.68274
0.86642
0.46293
0.9945
0.021863
0.08554
0.31289
0.85996
0.48172
0.99866
0.0053418
0.021253
0.083206
0.30513
0.8481
0.5153
0.99906
0.0037398
0.014903
0.058724
0.2211
0.68886
0.85732
0.48929
0.99954
0.0018359
0.0073303
0.029106
0.11304
0.40104
0.96082
0.15056
0.51158
0.99946
0.0021431
0.008554
0.033923
0.13109
0.45562
0.99212
0.031263
0.12114
0.42587
0.97802
0.086001
0.31442
0.86224
0.47513
0.99753
0.0098688
0.039086
0.15023
0.51065
0.99955
0.0018141
0.0072434
0.028764
0.11175
0.39703
0.95759
0.16244
0.54422
0.99218
0.031043
0.12032
0.42336
0.97651
0.091763
0.33337
0.88894
0.39491
0.95583
0.16889
0.56146
0.98489
0.059523
0.22392
0.69512
0.84771
0.51638
0.99893
0.0042871
0.017075
0.067133
0.25051
0.75101
0.74797
0.75404
0.74186
0.76601
0.71696
0.81171
0.61134
0.95042
0.1885
0.61187
0.94994
0.19022
0.61614
0.94604
0.20419
0.64998
0.91003
0.32751
0.88098
0.41941
0.97402
0.10122
0.3639
0.9259
0.27443
0.79646
0.64844
0.91187
0.32146
0.8725
0.44499
0.9879
0.047833
0.18218
0.59597
0.96316
0.14192
0.48712
0.99934
0.0026524
0.010581
0.041878
0.1605
0.53895
0.99393
0.024121
0.094158
0.34117
0.89909
0.36291
0.92482
0.27811
0.80306
0.63262
0.92965
0.26161
0.77268
0.70257
0.83586
0.5488
0.99047
0.037742
0.14527
0.49667
0.99996
0.00017746
0.00070972
0.0028369
0.011315
0.044749
0.17099
0.567
0.98204
0.070532
0.26223
0.77386
0.70001
0.83999
0.53763
0.99434
0.022526
0.088076
0.32127
0.87223
0.44579
0.98824
0.046475
0.17726
0.58335
0.97221
0.10807
0.38558
0.94763
0.19851
0.63641
0.92557
0.27557
0.79853
0.64353
0.9176
0.30246
0.84391
0.52691
0.9971
0.011556
0.045692
0.17442
0.57598
0.97691
0.090233
0.32836
0.88216
0.4158
0.97164
0.11021
0.39225
0.95356
0.17715
0.58306
0.9724
0.10735
0.38329
0.94552
0.20605
0.65438
0.90467
0.34498
0.90387
0.34754
0.90702
0.33732
0.89415
0.37859
0.94104
0.22193
0.69071
0.85452
0.49726
0.99997
0.00011984
0.00047931
0.0019163
0.0076506
0.030368
0.11778
0.41564
0.97154
0.11062
0.39353
0.95465
0.17316
0.5727
0.97886
0.082766
0.30366
0.84581
0.52166
0.99812
0.0074957
0.029758
0.11549
0.40861
0.96659
0.12918
0.44997
0.98999
0.039654
0.15233
0.51649
0.99891
0.0043468
0.017312
0.068048
0.25367
0.75728
0.73522
0.77869
0.68934
0.85661
0.49133
0.9997
0.0012035
0.0048083
0.019141
0.075098
0.27783
0.80257
0.63382
0.92837
0.26598
0.78095
0.68428
0.86417
0.46953
0.99629
0.014802
0.058331
0.21971
0.68576
0.86198
0.47589
0.99767
0.0092828
0.036786
0.14173
0.48658
0.99928
0.0028801
0.011487
0.045421
0.17343
0.57341
0.97844
0.084363
0.30898
0.85405
0.49859
0.99999
3.1927e-05
0.0001277
0.00051075
0.0020419
0.0081511
0.032339
0.12517
0.43801
0.98463
0.060533
0.22747
0.70292
0.83529
0.55031
0.98988
0.040089
0.15393
0.52094
0.99825
0.0070008
0.027807
0.10814
0.38577
0.94781
0.19788
0.63489
0.92722
0.26994
0.78828
0.66757
0.88768
0.39882
0.95905
0.15709
0.52964
0.99648
0.014011
0.055258
0.20882
0.66085
0.89651
0.37112
0.93356
0.24811
0.74621
0.75753
0.73472
0.77963
0.68723
0.85978
0.48224
0.99874
0.0050427
0.020069
0.078665
0.28991
0.82345
0.58153
0.97341
0.10352
0.37123
0.93367
0.24771
0.74541
0.7591
0.73147
0.78569
0.67353
0.87955
0.42376
0.97675
0.09084
0.33035
0.88488
0.40747
0.96575
0.1323
0.45919
0.99334
0.026473
0.10309
0.36984
0.93223
0.2527
0.75536
0.73916
0.77121
0.70579
0.8306
0.5628
0.98422
0.062115
0.23303
0.7149
0.81527
0.60243
0.95804
0.16081
0.53981
0.99366
0.0252
0.098258
0.35441
0.91522
0.31037
0.85616
0.49259
0.99978
0.00087894
0.0035127
0.014001
0.055221
0.20869
0.66055
0.8969
0.36988
0.93227
0.25256
0.75509
0.73971
0.77016
0.70805
0.82687
0.57263
0.9789
0.082626
0.30319
0.84507
0.5237
0.99775
0.0089696
0.035557
0.13717
0.47342
0.99717
0.011275
0.044593
0.17042
0.5655
0.98284
0.06747
0.25167
0.75333
0.74329
0.76324
0.72281
0.80142
0.63659
0.92537
0.27624
0.79973
0.64065
0.92088
0.29145
0.82604
0.5748
0.97762
0.087524
0.31945
0.86961
0.45355
0.99137
0.034229
0.13223
0.45898
0.99327
0.026739
0.1041
0.37304
0.93553
0.24127
0.73223
0.78429
0.67673
0.87507
0.43728
0.98427
0.061943
0.23243
0.71361
0.81747
0.59684
0.96249
0.14442
0.49424
0.99987
0.00053081
0.0021221
0.0084704
0.033595
0.12986
0.452
0.99078
0.036526
0.14077
0.48381
0.99895
0.0041884
0.016683
0.06562
0.24526
0.74042
0.76878
0.71102
0.82188
0.58557
0.97071
0.11374
0.4032
0.96252
0.14429
0.49389
0.99985
0.00059678
0.0023857
0.0095201
0.037718
0.14518
0.49641
0.99995
0.00020596
0.00082368
0.003292
0.013125
0.051809
0.1965
0.63155
0.93077
0.25773
0.76523
0.71862
0.80882
0.61852
0.94381
0.21213
0.66852
0.8864
0.40277
0.96219
0.14554
0.49743
0.99997
0.00010559
0.00042231
0.0016885
0.0067427
0.026789
0.10429
0.37364
0.93613
0.23915
0.72783
0.79238
0.65806
0.90007
0.35978
0.92136
0.28984
0.82333
0.58183
0.97322
0.10427
0.37359
0.93608
0.23933
0.7282
0.79169
0.65967
0.89803
0.3663
0.92849
0.26557
0.78017
0.68601
0.8616
0.47698
0.99788
0.0084642
0.03357
0.12977
0.45173
0.99068
0.036937
0.14229
0.48818
0.99944
0.0022359
0.0089237
0.035376
0.1365
0.47147
0.99674
0.012984
0.051261
0.19453
0.62676
0.93573
0.24057
0.73079
0.78694
0.67065
0.88351
0.41168
0.9688
0.12092
0.4252
0.97762
0.087515
0.31942
0.86957
0.45368
0.99142
0.034041
0.13153
0.45691
0.99257
0.029483
0.11445
0.40542
0.96422
0.13801
0.47585
0.99767
0.0093072
0.036882
0.14209
0.4876
0.99938
0.0024599
0.0098153
0.038876
0.14946
0.50848
0.99971
0.0011501
0.004595
0.018296
0.071843
0.26673
0.78234
0.68114
0.86875
0.4561
0.99229
0.030594
0.11863
0.41824
0.97326
0.1041
0.37305
0.93553
0.24125
0.73219
0.78436
0.67657
0.8753
0.43661
0.98393
0.06326
0.23703
0.7234
0.80038
0.6391
0.92261
0.28561
0.81614
0.60022
0.95982
0.15425
0.52183
0.99809
0.0076136
0.030223
0.11724
0.41397
0.9704
0.11491
0.40683
0.96528
0.13408
0.4644
0.99493
0.020177
0.079079
0.2913
0.82578
0.57546
0.97722
0.089034
0.32443
0.8767
0.43239
0.98171
0.071803
0.26659
0.78208
0.68173
0.8679
0.4586
0.99314
0.027233
0.10597
0.37895
0.94139
0.2207
0.68797
0.85867
0.48542
0.99915
0.0034004
0.013555
0.053486
0.2025
0.64598
0.91476
0.3119
0.85848
0.48597
0.99921
0.0031484
0.012554
0.049585
0.1885
0.61188
0.94993
0.19025
0.61623
0.94596
0.20448
0.65066
0.90921
0.3302
0.88467
0.4081
0.96622
0.13055
0.45404
0.99155
0.033517
0.12958
0.45114
0.99045
0.037826
0.14558
0.49754
0.99998
9.6528e-05
0.00038607
0.0015437
0.0061653
0.024509
0.095633
0.34595
0.90507
0.34366
0.90223
0.35284
0.91338
0.31647
0.86526
0.46633
0.99547
0.018053
0.07091
0.26353
0.77632
0.69458
0.84855
0.51405
0.99921
0.0031573
0.012589
0.049723
0.189
0.61312
0.94882
0.19425
0.62608
0.93642
0.23816
0.72576
0.79612
0.64925
0.9109
0.32465
0.87701
0.43147
0.98121
0.073739
0.2732
0.79426
0.65365
0.90556
0.34208
0.90024
0.35922
0.92072
0.29197
0.8269
0.57255
0.97895
0.082433
0.30255
0.84405
0.52651
0.99719
0.011211
0.044343
0.16951
0.56309
0.98408
0.062676
0.23499
0.71908
0.80801
0.62051
0.94191
0.21886
0.68385
0.86479
0.4677
0.99583
0.01662
0.065375
0.24441
0.73868
0.77212
0.70381
0.83385
0.55417
0.98826
0.046404
0.177
0.58269
0.97265
0.10641
0.38035
0.94274
0.21594
0.67723
0.87435
0.43944
0.98533
0.057819
0.2179
0.68168
0.86796
0.45841
0.99308
0.027478
0.10689
0.38187
0.94418
0.21083
0.66551
0.89042
0.39029
0.95185
0.18332
0.59886
0.96091
0.15026
0.51074
0.99954
0.0018453
0.0073675
0.029253
0.11359
0.40275
0.96217
0.14561
0.49762
0.99998
9.0325e-05
0.00036127
0.0014445
0.0057699
0.022946
0.089679
0.32655
0.87966
0.42345
0.97656
0.091565
0.33272
0.88807
0.39759
0.95805
0.16076
0.53966
0.99371
0.025003
0.09751
0.35201
0.91239
0.31973
0.87001
0.45237
0.99092
0.035971
0.13871
0.47788
0.99804
0.0078143
0.031013
0.1202
0.42302
0.9763
0.092561
0.33597
0.89238
0.38415
0.94631
0.20322
0.64769
0.91275
0.31856
0.86832
0.45737
0.99273
0.028862
0.11212
0.39819
0.95854
0.15898
0.53482
0.99515
0.019305
0.07573
0.27998
0.80636
0.62457
0.93793
0.23286
0.71454
0.81589
0.60085
0.95932
0.15612
0.52698
0.99709
0.011612
0.04591
0.17521
0.57804
0.97564
0.095076
0.34415
0.90284
0.35089
0.91106
0.32412
0.87626
0.4337
0.98242
0.069093
0.25728
0.76434
0.72049
0.80554
0.62659
0.9359
0.23996
0.72951
0.7893
0.66523
0.8908
0.38911
0.95081
0.18708
0.60832
0.95307
0.17893
0.58765
0.96927
0.11913
0.41976
0.97424
0.10037
0.36118
0.92292
0.28455
0.81433
0.60478
0.95608
0.16796
0.55899
0.98608
0.054906
0.20757
0.65793
0.90024
0.35925
0.92075
0.29187
0.82673
0.573
0.97869
0.083437
0.3059
0.8493
0.51195
0.99943
0.0022823
0.0091086
0.036102
0.1392
0.47928
0.99828
0.0068562
0.027237
0.10598
0.37899
0.94143
0.22057
0.68768
0.85911
0.48417
0.999
0.0040079
0.015967
0.06285
0.2356
0.72037
0.80575
0.62606
0.93643
0.2381
0.72563
0.79636
0.64868
0.91158
0.32241
0.87384
0.44096
0.98606
0.054993
0.20788
0.65865
0.89932
0.36219
0.92403
0.28078
0.80777
0.6211
0.94134
0.22088
0.68836
0.85808
0.48713
0.99934
0.002649
0.010568
0.041825
0.1603
0.53842
0.99409
0.023482
0.091722
0.33324
0.88876
0.39546
0.95629
0.16721
0.55699
0.98701
0.051299
0.19467
0.6271
0.93538
0.24176
0.73325
0.78238
0.68105
0.86888
0.45572
0.99216
0.031131
0.12065
0.42437
0.97712
0.089431
0.32573
0.87852
0.42688
0.97861
0.083715
0.30683
0.85074
0.50793
0.99975
0.0010056
0.0040184
0.016009
0.063011
0.23616
0.72156
0.80365
0.63118
0.93116
0.25639
0.76262
0.72413
0.79907
0.64223
0.91909
0.29746
0.83592
0.54864
0.99054
0.037501
0.14438
0.49413
0.99986
0.00055099
0.0022027
0.0087915
0.034857
0.13457
0.46584
0.99533
0.018588
0.07297
0.27058
0.78947
0.66483
0.89132
0.38747
0.94935
0.19233
0.62136
0.94109
0.22176
0.69033
0.85509
0.49564
0.99992
0.00030373
0.0012146
0.0048523
0.019315
0.075768
0.28011
0.80659
0.624
0.93849
0.23089
0.71032
0.82306
0.58254
0.97275
0.10603
0.37915
0.94158
0.22004
0.68648
0.8609
0.479
0.99824
0.0070428
0.027973
0.10876
0.38773
0.94958
0.19151
0.61934
0.94304
0.21487
0.67481
0.87776
0.42919
0.97994
0.078613
0.28973
0.82315
0.5823
0.97291
0.10543
0.37726
0.93974
0.2265
0.7008
0.83872
0.54107
0.99325
0.02681
0.10437
0.37389
0.93639
0.23826
0.72598
0.79573
0.65016
0.9098
0.32824
0.882
0.4163
0.97198
0.10894
0.38829
0.95008
0.18971
0.61489
0.9472
0.20003
0.64008
0.92151
0.28931
0.82244
0.58413
0.97169
0.11005
0.39174
0.95312
0.17873
0.58713
0.96963
0.11778
0.41563
0.97153
0.11065
0.39362
0.95473
0.17288
0.57196
0.97929
0.081137
0.29822
0.83713
0.54536
0.99177
0.032654
0.12635
0.44154
0.98633
0.053931
0.20409
0.64975
0.9103
0.32662
0.87976
0.42314
0.97637
0.092276
0.33505
0.89116
0.38798
0.9498
0.19071
0.61736
0.94491
0.20822
0.65946
0.89829
0.36546
0.9276
0.26865
0.78591
0.67303
0.88024
0.42166
0.97545
0.095795
0.34647
0.90572
0.34158
0.89961
0.36125
0.923
0.28429
0.81387
0.60594
0.95511
0.17151
0.56838
0.98129
0.073423
0.27213
0.79229
0.65825
0.89982
0.36057
0.92224
0.28686
0.81829
0.59477
0.96407
0.13855
0.4774
0.99796
0.0081541
0.03235
0.12522
0.43815
0.9847
0.060276
0.22657
0.70095
0.83848
0.54174
0.99303
0.027675
0.10764
0.38421
0.94637
0.20302
0.64722
0.91331
0.3167
0.86561
0.46533
0.99519
0.019138
0.075086
0.27779
0.80249
0.63399
0.92818
0.26664
0.78217
0.68152
0.86821
0.45769
0.99284
0.028431
0.11049
0.39313
0.95431
0.1744
0.57595
0.97693
0.090163
0.32813
0.88185
0.41677
0.97229
0.10777
0.38462
0.94675
0.20164
0.64393
0.91714
0.30399
0.84632
0.52024
0.99836
0.0065417
0.025996
0.10128
0.36409
0.92611
0.27372
0.79518
0.65147
0.90822
0.33342
0.889
0.39472
0.95566
0.16949
0.56307
0.98409
0.062623
0.23481
0.71869
0.8087
0.61881
0.94354
0.21309
0.67073
0.88341
0.41198
0.96901
0.12011
0.42274
0.97612
0.093229
0.33815
0.89522
0.37521
0.93771
0.23365
0.71623
0.81297
0.6082
0.95317
0.17853
0.58664
0.96998
0.11649
0.41168
0.9688
0.12092
0.42519
0.97761
0.087545
0.31952
0.86971
0.45325
0.99126
0.034657
0.13382
0.46365
0.99472
0.021025
0.082331
0.30221
0.84351
0.52799
0.99687
0.012497
0.049362
0.1877
0.60988
0.9517
0.18385
0.6002
0.95984
0.15419
0.52166
0.99812
0.0074903
0.029737
0.11541
0.40836
0.96641
0.12984
0.45194
0.99076
0.036619
0.14111
0.4848
0.99908
0.0036924
0.014715
0.057994
0.21852
0.68308
0.86593
0.46439
0.99493
0.020181
0.079096
0.29136
0.82588
0.57522
0.97737
0.088482
0.32261
0.87414
0.44009
0.98564
0.056602
0.21359
0.67188
0.88183
0.41683
0.97233
0.1076
0.38409
0.94626
0.2034
0.64812
0.91225
0.32021
0.8707
0.45032
0.99013
0.039107
0.15031
0.51087
0.99953
0.0018895
0.0075436
0.029947
0.1162
0.41079
0.96817
0.12328
0.43233
0.98168
0.071926
0.26701
0.78287
0.67995
0.87047
0.451
0.99039
0.038051
0.14641
0.4999
1
1.4974e-07
5.9896e-07
2.3958e-06
9.5833e-06
3.8333e-05
0.00015332
0.00061321
0.0024513
0.0097812
0.038742
0.14897
0.5071
0.9998
0.00080603
0.0032215
0.012845
0.050719
0.19258
0.62198
0.94048
0.22391
0.69509
0.84775
0.51627
0.99894
0.0042326
0.016859
0.066299
0.24761
0.7452
0.7595
0.73064
0.78723
0.67
0.8844
0.40895
0.96684
0.12824
0.44717
0.98884
0.044158
0.16883
0.56131
0.98496
0.059238
0.22292
0.6929
0.85116
0.50674
0.99982
0.00072564
0.0029005
0.011568
0.045738
0.17458
0.57641
0.97664
0.091245
0.33168
0.88667
0.40194
0.96154
0.14793
0.50419
0.99993
0.00028045
0.0011215
0.0044809
0.017843
0.070099
0.26074
0.77102
0.70619
0.82994
0.56455
0.98333
0.065551
0.24502
0.73993
0.76973
0.70898
0.8253
0.57671
0.97646
0.091943
0.33396
0.88972
0.39247
0.95375
0.17646
0.58128
0.97357
0.10291
0.36928
0.93165
0.2547
0.75932
0.73101
0.78653
0.6716
0.88222
0.41564
0.97154
0.11062
0.39352
0.95465
0.17317
0.57272
0.97885
0.082814
0.30382
0.84606
0.52098
0.99824
0.0070274
0.027912
0.10853
0.38701
0.94893
0.19384
0.62506
0.93744
0.23459
0.71822
0.80952
0.6168
0.94543
0.20637
0.65512
0.90375
0.34795
0.90752
0.33571
0.89204
0.38523
0.94732
0.19964
0.63913
0.92257
0.28572
0.81634
0.59971
0.96024
0.15273
0.51762
0.99876
0.0049632
0.019754
0.077455
0.28582
0.81651
0.59927
0.96058
0.15147
0.5141
0.9992
0.003178
0.012672
0.050044
0.19016
0.61599
0.94618
0.20369
0.64879
0.91144
0.32286
0.87449
0.43903
0.98513
0.058596
0.22065
0.68785
0.85885
0.48491
0.99909
0.0036392
0.014504
0.057174
0.21562
0.67652
0.87537
0.4364
0.98382
0.06368
0.2385
0.72647
0.79484
0.65227
0.90725
0.33657
0.89317
0.38168
0.944
0.21146
0.66698
0.88847
0.39637
0.95705
0.16443
0.54958
0.99017
0.038943
0.14971
0.50918
0.99966
0.0013471
0.0053811
0.021409
0.083801
0.30711
0.85118
0.50669
0.99982
0.00071662
0.0028644
0.011425
0.045177
0.17255
0.57109
0.97978
0.079235
0.29183
0.82666
0.57319
0.97858
0.083862
0.30732
0.85149
0.50581
0.99987
0.0005393
0.002156
0.0086055
0.034126
0.13184
0.45785
0.99289
0.028228
0.10973
0.39074
0.95225
0.18188
0.59519
0.96376
0.13971
0.48078
0.99852
0.0059044
0.023478
0.091708
0.33319
0.8887
0.39566
0.95645
0.16661
0.5554
0.98773
0.048497
0.18458
0.60204
0.95835
0.15965
0.53665
0.99463
0.021372
0.08366
0.30665
0.85046
0.50872
0.9997
0.0012167
0.0048608
0.019349
0.075898
0.28055
0.80737
0.62211
0.94036
0.22433
0.69602
0.84631
0.52029
0.99835
0.006575
0.026127
0.10178
0.36568
0.92783
0.26785
0.78442
0.67642
0.87551
0.43597
0.9836
0.064526
0.24145
0.73261
0.78357
0.67835
0.87277
0.44417
0.98753
0.049249
0.18729
0.60886
0.9526
0.18061
0.59196
0.96617
0.13073
0.45457
0.99175
0.032746
0.1267
0.44258
0.98681
0.052064
0.19742
0.63377
0.92842
0.26582
0.78063
0.68499
0.86312
0.47258
0.99699
0.011998
0.047415
0.18067
0.5921
0.96607
0.13113
0.45573
0.99216
0.031117
0.1206
0.42421
0.97702
0.089798
0.32694
0.8802
0.42179
0.97554
0.095463
0.3454
0.90439
0.34586
0.90496
0.34402
0.90268
0.3514
0.91167
0.32211
0.87343
0.44221
0.98664
0.052715
0.19975
0.63939
0.92228
0.28671
0.81804
0.59541
0.96358
0.14036
0.48263
0.99879
0.004819
0.019183
0.07526
0.27838
0.80355
0.63144
0.93089
0.25732
0.76442
0.72032
0.80583
0.62588
0.93662
0.23745
0.72426
0.79882
0.64282
0.9184
0.29975
0.8396
0.53869
0.99401
0.023807
0.09296
0.33727
0.89408
0.37881
0.94125
0.2212
0.68908
0.85699
0.49024
0.99962
0.0015242
0.0060876
0.024202
0.094466
0.34217
0.90036
0.35886
0.92032
0.29333
0.82916
0.56662
0.98225
0.069755
0.25956
0.76875
0.7111
0.82175
0.58591
0.97048
0.1146
0.40586
0.96455
0.13678
0.47228
0.99693
0.012256
0.048424
0.18432
0.60138
0.95889
0.15767
0.53125
0.99609
0.015563
0.061282
0.23011
0.70863
0.82589
0.57518
0.97739
0.088379
0.32227
0.87365
0.44153
0.98633
0.053947
0.20415
0.64988
0.91014
0.32713
0.88046
0.42101
0.97504
0.09735
0.35149
0.91178
0.32174
0.8729
0.4438
0.98736
0.049901
0.18965
0.61472
0.94736
0.19948
0.63876
0.92298
0.28435
0.81398
0.60567
0.95533
0.17069
0.56621
0.98246
0.068911
0.25665
0.76312
0.72306
0.80097
0.63767
0.92419
0.28026
0.80686
0.62335
0.93914
0.22864
0.70545
0.83116
0.56133
0.98495
0.059279
0.22306
0.69322
0.85067
0.50813
0.99974
0.0010563
0.0042206
0.016811
0.066114
0.24697
0.74391
0.76203
0.72535
0.79686
0.64749
0.91299
0.31776
0.86715
0.46081
0.99386
0.024421
0.095299
0.34487
0.90374
0.34799
0.90757
0.33555
0.89183
0.38589
0.94791
0.19749
0.63395
0.92823
0.26648
0.78188
0.68217
0.86726
0.46049
0.99376
0.024822
0.096822
0.34979
0.90975
0.32843
0.88225
0.41554
0.97146
0.11088
0.39436
0.95536
0.1706
0.56598
0.98259
0.068446
0.25504
0.75998
0.72963
0.78908
0.66574
0.89012
0.39123
0.95268
0.18033
0.59124
0.9667
0.12876
0.44873
0.98949
0.041615
0.15953
0.53632
0.99472
0.021
0.082237
0.3019
0.84302
0.52935
0.99655
0.013734
0.054183
0.20499
0.65188
0.90773
0.33501
0.89111
0.38813
0.94994
0.19023
0.61617
0.94602
0.20427
0.65018
0.90979
0.32829
0.88207
0.4161
0.97184
0.10946
0.38993
0.95154
0.18446
0.60173
0.9586
0.15874
0.53415
0.99533
0.018576
0.072925
0.27043
0.78919
0.66549
0.89046
0.39017
0.95175
0.18368
0.59977
0.96018
0.15294
0.51819
0.99868
0.0052884
0.021042
0.082397
0.30243
0.84386
0.52703
0.99708
0.011657
0.046084
0.17584
0.57968
0.9746
0.099013
0.35684
0.91802
0.30105
0.84167
0.53304
0.99563
0.017395
0.06837
0.25478
0.75947
0.73069
0.78712
0.67025
0.88406
0.40999
0.96759
0.12543
0.43878
0.98501
0.059062
0.22229
0.69152
0.85328
0.50077
1
9.4972e-06
3.7988e-05
0.00015195
0.0006077
0.0024293
0.0096937
0.038399
0.1477
0.50353
0.99995
0.00019963
0.00079837
0.0031909
0.012723
0.050245
0.19088
0.61778
0.94451
0.20964
0.66276
0.89403
0.37895
0.94139
0.22071
0.688
0.85863
0.48555
0.99916
0.0033401
0.013316
0.052554
0.19917
0.638
0.92382
0.28149
0.80902
0.61803
0.94428
0.21047
0.6647
0.8915
0.3869
0.94884
0.19418
0.62589
0.9366
0.23751
0.72439
0.7986
0.64336
0.91779
0.30181
0.84289
0.52971
0.99647
0.014077
0.055517
0.20974
0.66299
0.89373
0.37989
0.9423
0.2175
0.68077
0.86929
0.4545
0.99172
0.032855
0.1271
0.44379
0.98736
0.049911
0.18968
0.61481
0.94728
0.19978
0.63947
0.92219
0.28701
0.81854
0.59413
0.96456
0.13673
0.47215
0.9969
0.012373
0.04888
0.18596
0.60552
0.95546
0.17022
0.56499
0.9831
0.066439
0.2481
0.74619
0.75757
0.73464
0.77978
0.6869
0.86028
0.48079
0.99852
0.0058935
0.023435
0.091543
0.33265
0.88798
0.39789
0.95829
0.15988
0.53727
0.99444
0.022097
0.086435
0.31585
0.86436
0.46896
0.99615
0.015355
0.060478
0.22728
0.7025
0.83597
0.54849
0.99059
0.037271
0.14353
0.49171
0.99973
0.001099
0.004391
0.017487
0.068725
0.25601
0.76187
0.7257
0.79623
0.64898
0.91122
0.32359
0.87552
0.43593
0.98358
0.064605
0.24172
0.73317
0.78252
0.68073
0.86934
0.45434
0.99166
0.03308
0.12794
0.44629
0.98846
0.045626
0.17418
0.57536
0.97729
0.088792
0.32363
0.87557
0.43577
0.9835
0.064911
0.24279
0.73537
0.7784
0.68997
0.85565
0.49406
0.99986
0.00056439
0.0022563
0.0090047
0.035695
0.13768
0.4749
0.99748
0.010053
0.039807
0.15289
0.51805
0.9987
0.0052084
0.020725
0.081182
0.29837
0.83738
0.54471
0.992
0.031725
0.12288
0.43111
0.98102
0.074495
0.27578
0.7989
0.64263
0.91863
0.29899
0.83838
0.542
0.99294
0.028031
0.10898
0.38842
0.9502
0.18929
0.61384
0.94816
0.1966
0.63179
0.93053
0.25859
0.76688
0.71511
0.81491
0.60333
0.9573
0.16352
0.54713
0.99111
0.035228
0.13595
0.46986
0.99637
0.014481
0.057086
0.21531
0.67581
0.87637
0.43338
0.98225
0.069741
0.25951
0.76866
0.71129
0.82142
0.58676
0.96989
0.1168
0.41263
0.96946
0.11842
0.41758
0.97283
0.10573
0.3782
0.94066
0.22326
0.69366
0.84998
0.51007
0.99959
0.0016208
0.0064729
0.025724
0.10025
0.3608
0.92249
0.28601
0.81684
0.59845
0.96123
0.14907
0.50738
0.99978
0.00087191
0.0034846
0.01389
0.054787
0.20714
0.65694
0.90148
0.35525
0.91619
0.30714
0.85121
0.50659
0.99983
0.00069577
0.0027812
0.011094
0.043882
0.16783
0.55864
0.98624
0.054269
0.2053
0.6526
0.90685
0.33788
0.89487
0.37632
0.93881
0.22979
0.70795
0.82703
0.57219
0.97915
0.081652
0.29994
0.8399
0.53786
0.99427
0.022804
0.089137
0.32477
0.87717
0.43097
0.98094
0.074795
0.2768
0.80074
0.63823
0.92357
0.28237
0.81055
0.61425
0.94779
0.19793
0.63502
0.92708
0.2704
0.78913
0.66561
0.89029
0.39069
0.95221
0.18203
0.59558
0.96345
0.14084
0.48402
0.99898
0.0040832
0.016266
0.064007
0.23964
0.72885
0.79051
0.66241
0.89449
0.37749
0.93997
0.22571
0.69905
0.84152
0.53347
0.99552
0.017841
0.070091
0.26071
0.77097
0.7063
0.82976
0.56504
0.98308
0.066528
0.24841
0.74681
0.75634
0.73716
0.77503
0.69744
0.84407
0.52645
0.9972
0.011163
0.044155
0.16882
0.56128
0.98498
0.059185
0.22273
0.69248
0.8518
0.50494
0.9999
0.0003898
0.0015586
0.0062246
0.024743
0.096525
0.34883
0.90859
0.33221
0.88738
0.39973
0.95979
0.15438
0.52219
0.99803
0.0078638
0.031208
0.12094
0.42524
0.97765
0.08742
0.31911
0.86912
0.45501
0.9919
0.032129
0.12439
0.43565
0.98344
0.06515
0.24362
0.73708
0.77517
0.69712
0.84458
0.52505
0.99749
0.010016
0.039663
0.15236
0.51658
0.9989
0.004395
0.017503
0.068785
0.25622
0.76228
0.72484
0.79778
0.64531
0.91554
0.30929
0.85452
0.49726
0.99997
0.00011975
0.00047896
0.0019149
0.007645
0.030346
0.1177
0.41539
0.97136
0.11126
0.39553
0.95635
0.16699
0.55642
0.98727
0.050289
0.19104
0.61818
0.94414
0.21097
0.66584
0.88999
0.39164
0.95304
0.17903
0.58792
0.96908
0.11984
0.42192
0.97562
0.09516
0.34442
0.90318
0.34979
0.90975
0.32842
0.88224
0.41556
0.97148
0.11083
0.39419
0.95521
0.17112
0.56736
0.98185
0.071277
0.26479
0.7787
0.68931
0.85665
0.49121
0.99969
0.0012346
0.0049322
0.019632
0.076985
0.28423
0.81378
0.60617
0.95491
0.17222
0.57025
0.98026
0.077396
0.28562
0.81617
0.60015
0.95988
0.15403
0.52123
0.9982
0.0071973
0.028582
0.11106
0.3949
0.95582
0.16892
0.56153
0.98485
0.059667
0.22443
0.69624
0.84596
0.52125
0.99819
0.0072121
0.02864
0.11128
0.39559
0.95639
0.16682
0.55598
0.98747
0.049507
0.18823
0.61119
0.95055
0.18802
0.61068
0.951
0.18639
0.60659
0.95455
0.17352
0.57366
0.9783
0.084918
0.31083
0.85686
0.49061
0.99965
0.00141
0.0056322
0.022402
0.0876
0.31971
0.86998
0.45247
0.99096
0.035815
0.13813
0.4762
0.99773
0.0090455
0.035855
0.13828
0.47662
0.99781
0.0087242
0.034592
0.13358
0.46295
0.99451
0.02184
0.085452
0.3126
0.85952
0.48297
0.99884
0.0046325
0.018444
0.072415
0.26869
0.78597
0.67288
0.88046
0.42101
0.97504
0.097331
0.35143
0.91171
0.32198
0.87324
0.44276
0.9869
0.051733
0.19623
0.63089
0.93147
0.25532
0.76053
0.7285
0.79115
0.66093
0.89641
0.37144
0.93389
0.24696
0.74389
0.76207
0.72528
0.797
0.64716
0.91337
0.31649
0.86529
0.46625
0.99544
0.018143
0.071256
0.26471
0.77856
0.68961
0.85619
0.49251
0.99978
0.00089621
0.0035816
0.014275
0.056285
0.21247
0.66931
0.88534
0.40604
0.96469
0.13626
0.47076
0.99658
0.013628
0.05377
0.20352
0.64839
0.91192
0.32127
0.87223
0.44578
0.98824
0.046476
0.17726
0.58337
0.9722
0.10811
0.38569
0.94773
0.19814
0.63552
0.92654
0.27226
0.79255
0.65767
0.90056
0.3582
0.91957
0.29583
0.83326
0.55575
0.98757
0.049117
0.18682
0.60767
0.95363
0.17688
0.58238
0.97285
0.10564
0.37792
0.94038
0.22425
0.69584
0.84658
0.51952
0.99848
0.0060896
0.02421
0.094495
0.34226
0.90048
0.35847
0.91988
0.2948
0.83158
0.56023
0.98549
0.057196
0.2157
0.67669
0.87512
0.43713
0.98419
0.062237
0.23345
0.71581
0.8137
0.60638
0.95473
0.17287
0.57194
0.9793
0.081099
0.29809
0.83693
0.54592
0.99156
0.03346
0.12936
0.45051
0.9902
0.0388
0.14918
0.5077
0.99976
0.00094845
0.0037902
0.015103
0.059501
0.22384
0.69495
0.84798
0.51563
0.99902
0.0039052
0.01556
0.06127
0.23006
0.70854
0.82604
0.57478
0.97763
0.087471
0.31928
0.86936
0.45429
0.99164
0.03315
0.1282
0.44707
0.9888
0.044318
0.16941
0.56285
0.9842
0.062211
0.23336
0.71562
0.81404
0.60552
0.95546
0.17021
0.56496
0.98312
0.066372
0.24787
0.74572
0.75849
0.73273
0.78334
0.67887
0.87202
0.44641
0.98851
0.045427
0.17345
0.57347
0.97841
0.084506
0.30946
0.85478
0.49654
0.99995
0.00019199
0.0007678
0.0030688
0.012238
0.048352
0.18405
0.60071
0.95943
0.15571
0.52586
0.99733
0.010668
0.042216
0.16173
0.54231
0.99284
0.028433
0.1105
0.39315
0.95433
0.17433
0.57576
0.97704
0.089731
0.32672
0.87989
0.42273
0.97612
0.093248
0.33821
0.8953
0.37496
0.93746
0.23451
0.71805
0.80981
0.61607
0.94611
0.20393
0.64938
0.91074
0.32517
0.87773
0.42927
0.97999
0.07845
0.28918
0.82222
0.58469
0.97131
0.11147
0.39618
0.95689
0.16501
0.55114
0.98954
0.041406
0.15876
0.53423
0.99531
0.018664
0.073263
0.27158
0.7913
0.66058
0.89686
0.37002
0.93242
0.25207
0.75411
0.7417
0.76632
0.7163
0.81286
0.60847
0.95294
0.1794
0.58886
0.96842
0.12234
0.42949
0.98011
0.07797
0.28756
0.81948
0.59172
0.96635
0.13008
0.45263
0.99102
0.035584
0.13727
0.47371
0.99724
0.011024
0.043612
0.16684
0.55602
0.98745
0.049573
0.18846
0.61178
0.95002
0.18992
0.6154
0.94673
0.20171
0.6441
0.91694
0.30465
0.84735
0.51739
0.99879
0.0048316
0.019233
0.075452
0.27904
0.8047
0.62863
0.93382
0.24719
0.74436
0.76116
0.72719
0.79355
0.65532
0.9035
0.34874
0.90848
0.33257
0.88787
0.39822
0.95856
0.15888
0.53456
0.99522
0.019015
0.074614
0.27619
0.79963
0.64088
0.92061
0.29234
0.82751
0.57095
0.97986
0.078931
0.2908
0.82495
0.57763
0.97589
0.094105
0.341
0.89887
0.3636
0.92558
0.27552
0.79844
0.64374
0.91736
0.30324
0.84515
0.52349
0.99779
0.0088078
0.034921
0.13481
0.46653
0.99552
0.017841
0.07009
0.26071
0.77096
0.70632
0.82972
0.56513
0.98303
0.066719
0.24907
0.74814
0.75371
0.74252
0.76473
0.71967
0.80697
0.62307
0.93942
0.22766
0.70332
0.83465
0.55204
0.98917
0.042862
0.1641
0.54869
0.99052
0.037565
0.14461
0.49481
0.99989
0.00043164
0.0017258
0.0068913
0.027375
0.1065
0.38064
0.94302
0.21495
0.67499
0.87752
0.42992
0.98035
0.07704
0.28442
0.8141
0.60537
0.95559
0.16976
0.56376
0.98374
0.06399
0.23958
0.72873
0.79073
0.6619
0.89516
0.3754
0.9379
0.23299
0.71482
0.81542
0.60205
0.95834
0.15969
0.53676
0.99459
0.021505
0.084171
0.30834
0.85307
0.50136
0.99999
2.9696e-05
0.00011878
0.00047507
0.0018994
0.0075831
0.030102
0.11678
0.41258
0.96943
0.11853
0.41791
0.97304
0.10491
0.37563
0.93813
0.23218
0.71309
0.81836
0.59458
0.96422
0.138
0.47582
0.99766
0.009332
0.03698
0.14245
0.48863
0.99948
0.0020683
0.0082561
0.032752
0.12672
0.44264
0.98684
0.051955
0.19702
0.63282
0.92943
0.26235
0.77409
0.69949
0.84082
0.53537
0.995
0.019917
0.078083
0.28794
0.82013
0.59008
0.96755
0.1256
0.43931
0.98527
0.058061
0.21876
0.68361
0.86515
0.46667
0.99556
0.017694
0.069524
0.25876
0.76721
0.71439
0.81615
0.6002
0.95984
0.15418
0.52164
0.99813
0.0074809
0.0297
0.11527
0.40793
0.9661
0.13102
0.45541
0.99205
0.031555
0.12224
0.42918
0.97994
0.078645
0.28984
0.82333
0.58183
0.97322
0.10427
0.37358
0.93607
0.23937
0.72829
0.79153
0.66004
0.89754
0.36784
0.93013
0.25994
0.76949
0.70951
0.82443
0.57898
0.97505
0.097316
0.35138
0.91165
0.32217
0.87351
0.44195
0.98652
0.053183
0.20142
0.6434
0.91775
0.30195
0.84311
0.5291
0.99661
0.013505
0.05329
0.2018
0.64431
0.9167
0.30545
0.84861
0.5139
0.99923
0.0030874
0.012311
0.048639
0.18509
0.60334
0.95729
0.16356
0.54723
0.99108
0.035371
0.13648
0.47141
0.99673
0.013038
0.051472
0.19529
0.62861
0.93384
0.24712
0.74421
0.76145
0.72658
0.79464
0.65275
0.90667
0.33849
0.89565
0.37384
0.93633
0.23846
0.72639
0.795
0.65191
0.90769
0.33514
0.89129
0.38757
0.94944
0.19202
0.62059
0.94183
0.21913
0.68444
0.86392
0.47024
0.99646
0.014121
0.055686
0.21034
0.66439
0.89191
0.38563
0.94768
0.19833
0.63598
0.92604
0.27396
0.79562
0.65044
0.90948
0.32932
0.88347
0.41181
0.96889
0.12058
0.42416
0.977
0.089903
0.32728
0.88067
0.42035
0.97462
0.09893
0.35657
0.91771
0.30206
0.84328
0.52864
0.99672
0.013085
0.051656
0.19595
0.63022
0.93217
0.2529
0.75577
0.73832
0.77282
0.70229
0.83632
0.54755
0.99096
0.035851
0.13826
0.47658
0.99781
0.008756
0.034717
0.13405
0.46431
0.99491
0.020271
0.07944
0.29252
0.82781
0.57017
0.9803
0.077237
0.28508
0.81524
0.60248
0.95799
0.16099
0.54028
0.99351
0.025787
0.10049
0.36156
0.92333
0.28316
0.81192
0.61082
0.95088
0.18684
0.60773
0.95358
0.17706
0.58284
0.97255
0.10678
0.3815
0.94384
0.21204
0.66832
0.88668
0.40192
0.96153
0.14798
0.50432
0.99993
0.00029893
0.0011954
0.0047757
0.019012
0.0746
0.27614
0.79955
0.64108
0.92038
0.29312
0.8288
0.56756
0.98174
0.071695
0.26622
0.78139
0.68328
0.86563
0.46526
0.99517
0.019215
0.075384
0.27881
0.80429
0.62963
0.93279
0.25078
0.75156
0.74687
0.75622
0.73741
0.77454
0.69851
0.84237
0.53112
0.99613
0.015436
0.060792
0.22839
0.7049
0.83206
0.55895
0.9861
0.054832
0.2073
0.65731
0.90101
0.35677
0.91794
0.30131
0.84209
0.53189
0.99593
0.016204
0.063766
0.2388
0.7271
0.7937
0.65496
0.90395
0.34729
0.90672
0.33832
0.89544
0.37449
0.93699
0.23615
0.72152
0.80371
0.63104
0.93132
0.25587
0.7616
0.72626
0.79522
0.65139
0.90833
0.33307
0.88853
0.39617
0.95688
0.16505
0.55124
0.9895
0.041566
0.15935
0.53584
0.99486
0.020445
0.08011
0.29477
0.83152
0.56038
0.98542
0.057478
0.2167
0.67896
0.87189
0.44678
0.98867
0.0448
0.17117
0.56749
0.98178
0.071557
0.26574
0.7805
0.68528
0.86268
0.47385
0.99726
0.01091
0.043165
0.16521
0.55166
0.98933
0.042238
0.16182
0.54252
0.99277
0.028723
0.11159
0.39656
0.9572
0.16388
0.5481
0.99075
0.036672
0.14131
0.48536
0.99914
0.0034254
0.013655
0.053874
0.20388
0.64926
0.91088
0.3247
0.87708
0.43123
0.98109
0.074229
0.27488
0.79728
0.64651
0.91414
0.31394
0.86153
0.47718
0.99792
0.0083145
0.032982
0.12758
0.4452
0.98799
0.047472
0.18087
0.59263
0.96568
0.13257
0.45999
0.9936
0.025448
0.099203
0.35745
0.91871
0.29872
0.83794
0.54319
0.99254
0.029625
0.11499
0.40706
0.96545
0.13342
0.46249
0.99437
0.022384
0.087533
0.31948
0.86966
0.45342
0.99132
0.034418
0.13294
0.46105
0.99393
0.024121
0.094157
0.34117
0.89909
0.36292
0.92483
0.27807
0.80299
0.6328
0.92946
0.26226
0.77393
0.69986
0.84023
0.53698
0.99453
0.021761
0.085148
0.31159
0.85801
0.48731
0.99936
0.0025732
0.010266
0.040643
0.15596
0.52656
0.99718
0.011253
0.044507
0.1701
0.56467
0.98327
0.065803
0.24589
0.74172
0.76629
0.71635
0.81277
0.60871
0.95273
0.18014
0.59075
0.96705
0.12744
0.44479
0.98781
0.048172
0.18341
0.59907
0.96074
0.15088
0.51246
0.99938
0.0024837
0.00991
0.039247
0.15083
0.51231
0.99939
0.0024239
0.0096719
0.038314
0.14738
0.50264
0.99997
0.00011184
0.00044732
0.0017885
0.0071411
0.02836
0.11022
0.3923
0.9536
0.17698
0.58264
0.97268
0.10628
0.37993
0.94233
0.21737
0.68049
0.8697
0.4533
0.99128
0.034589
0.13357
0.46292
0.9945
0.021877
0.085593
0.31307
0.86022
0.48096
0.99855
0.0057941
0.023042
0.090045
0.32775
0.88132
0.41839
0.97336
0.10372
0.37186
0.93432
0.24545
0.74082
0.76802
0.71266
0.81911
0.59268
0.96564
0.13272
0.46043
0.99374
0.024898
0.097113
0.35073
0.91087
0.32473
0.87713
0.43111
0.98101
0.0745
0.2758
0.79894
0.64254
0.91872
0.29868
0.83788
0.54336
0.99248
0.02985
0.11584
0.40967
0.96736
0.12628
0.44134
0.98624
0.054292
0.20538
0.65279
0.90662
0.33865
0.89587
0.37314
0.93563
0.2409
0.73147
0.78568
0.67355
0.87952
0.42385
0.9768
0.090633
0.32967
0.88396
0.41031
0.96782
0.12457
0.43622
0.98373
0.064033
0.23973
0.72904
0.79016
0.66323
0.89342
0.38088
0.94324
0.21415
0.67317
0.88005
0.42224
0.97581
0.094403
0.34197
0.9001
0.35968
0.92124
0.29023
0.82399
0.58012
0.97433
0.10006
0.36019
0.92181
0.28829
0.82072
0.58855
0.96863
0.12153
0.42704
0.97871
0.083349
0.30561
0.84885
0.51322
0.9993
0.0027951
0.011149
0.044099
0.16862
0.56075
0.98524
0.058169
0.21914
0.68447
0.86388
0.47038
0.99649
0.013993
0.055188
0.20857
0.66027
0.89726
0.36875
0.93109
0.25664
0.76309
0.72312
0.80086
0.63793
0.9239
0.28123
0.80855
0.61919
0.94318
0.21437
0.67366
0.87936
0.42433
0.9771
0.089511
0.32599
0.87889
0.42578
0.97796
0.086206
0.3151
0.86325
0.47221
0.99691
0.01232
0.048674
0.18522
0.60365
0.95703
0.16451
0.54978
0.99009
0.039257
0.15086
0.51241
0.99938
0.0024628
0.009827
0.038922
0.14963
0.50895
0.99968
0.0012826
0.005124
0.020391
0.079901
0.29407
0.83037
0.56343
0.9839
0.063345
0.23733
0.72401
0.79927
0.64175
0.91963
0.29566
0.83298
0.55651
0.98723
0.050435
0.19156
0.61947
0.94291
0.21533
0.67585
0.8763
0.43358
0.98236
0.069331
0.2581
0.76593
0.71713
0.81142
0.61206
0.94977
0.19082
0.61763
0.94465
0.20914
0.6616
0.89554
0.3742
0.9367
0.23717
0.72369
0.79985
0.64036
0.92119
0.29039
0.82426
0.57943
0.97476
0.098395
0.35485
0.91573
0.30867
0.85357
0.49995
1
3.4854e-08
1.3942e-07
5.5767e-07
2.2307e-06
8.9227e-06
3.569e-05
0.00014276
0.00057095
0.0022825
0.0091091
0.036104
0.1392
0.4793
0.99829
0.006842
0.027181
0.10577
0.37832
0.94078
0.22285
0.69276
0.85138
0.50614
0.99985
0.00060268
0.0024093
0.0096138
0.038086
0.14654
0.50026
1
1.122e-06
4.4879e-06
1.7951e-05
7.1805e-05
0.0002872
0.0011485
0.0045886
0.01827
0.071745
0.26639
0.78171
0.68256
0.86668
0.46218
0.99428
0.022753
0.088939
0.32412
0.87626
0.43371
0.98242
0.069067
0.25719
0.76417
0.72086
0.80489
0.62818
0.93428
0.2456
0.74111
0.76746
0.71387
0.81704
0.59795
0.96162
0.14762
0.50331
0.99996
0.00017579
0.00070303
0.0028101
0.011209
0.044333
0.16947
0.563
0.98412
0.062504
0.23439
0.7178
0.81025
0.61499
0.94711
0.20038
0.64091
0.92058
0.29244
0.82768
0.57049
0.98012
0.077932
0.28743
0.81926
0.59229
0.96593
0.13163
0.45722
0.99268
0.02907
0.1129
0.40061
0.96049
0.15181
0.51506
0.99909
0.0036251
0.014448
0.056957
0.21485
0.67476
0.87783
0.42897
0.97982
0.079098
0.29137
0.82589
0.57519
0.97739
0.088414
0.32239
0.87381
0.44105
0.9861
0.054827
0.20728
0.65727
0.90107
0.35657
0.91771
0.30206
0.84328
0.52864
0.99672
0.013081
0.051641
0.1959
0.63009
0.93231
0.25244
0.75486
0.74019
0.76924
0.71003
0.82355
0.58127
0.97358
0.1029
0.36923
0.9316
0.25489
0.75969
0.73024
0.78796
0.66831
0.88669
0.40189
0.9615
0.14807
0.50457
0.99992
0.0003346
0.0013379
0.0053446
0.021264
0.083248
0.30527
0.84832
0.51469
0.99914
0.0034478
0.013744
0.054219
0.20512
0.65218
0.90737
0.33621
0.89269
0.38319
0.94542
0.2064
0.65519
0.90366
0.34823
0.90787
0.33458
0.89054
0.3899
0.95151
0.18454
0.60195
0.95843
0.15937
0.53589
0.99485
0.020506
0.080344
0.29555
0.83281
0.55696
0.98702
0.051234
0.19444
0.62652
0.93597
0.23973
0.72903
0.79018
0.66318
0.89348
0.38068
0.94305
0.21481
0.67467
0.87796
0.42857
0.97959
0.079965
0.29428
0.83072
0.56249
0.98438
0.061509
0.2309
0.71035
0.82301
0.58265
0.97268
0.10631
0.38004
0.94244
0.217
0.67964
0.87092
0.44967
0.98987
0.04012
0.15404
0.52125
0.99819
0.0072113
0.028637
0.11127
0.39555
0.95636
0.16693
0.55626
0.98734
0.050005
0.19002
0.61564
0.94651
0.20253
0.64605
0.91468
0.31216
0.85886
0.48488
0.99909
0.0036555
0.014568
0.057425
0.21651
0.67853
0.87251
0.44495
0.98788
0.047894
0.1824
0.59652
0.96273
0.14352
0.49168
0.99972
0.0011071
0.0044235
0.017616
0.069222
0.25772
0.7652
0.71867
0.80873
0.61873
0.94361
0.21285
0.67017
0.88417
0.40967
0.96736
0.12629
0.44138
0.98625
0.054229
0.20515
0.65226
0.90726
0.33654
0.89313
0.38181
0.94412
0.21102
0.66597
0.88982
0.39216
0.95348
0.17743
0.58379
0.97192
0.10917
0.38901
0.95073
0.18738
0.60907
0.95242
0.18128
0.59366
0.96491
0.13543
0.46835
0.99599
0.015967
0.062849
0.2356
0.72036
0.80577
0.62603
0.93647
0.23799
0.7254
0.79678
0.64768
0.91276
0.31853
0.86827
0.45751
0.99278
0.028681
0.11143
0.39606
0.95679
0.16538
0.55212
0.98913
0.042991
0.16457
0.54995
0.99002
0.039527
0.15186
0.51519
0.99908
0.0036876
0.014696
0.05792
0.21826
0.68249
0.86679
0.46186
0.99418
0.023139
0.090413
0.32895
0.88297
0.41333
0.96995
0.11657
0.41194
0.96898
0.12023
0.42311
0.97635
0.092364
0.33533
0.89154
0.38679
0.94874
0.19454
0.62678
0.93571
0.24063
0.73091
0.78672
0.67116
0.88282
0.41379
0.97027
0.11538
0.40829
0.96635
0.13006
0.45257
0.991
0.035668
0.13758
0.47462
0.99742
0.010282
0.040706
0.1562
0.5272
0.99704
0.011802
0.046653
0.1779
0.58502
0.97109
0.11231
0.39878
0.95902
0.15721
0.52998
0.9964
0.014332
0.056507
0.21326
0.67111
0.88288
0.41361
0.97014
0.11586
0.40973
0.96741
0.12612
0.44086
0.98601
0.055169
0.2085
0.66011
0.89745
0.36812
0.93043
0.25891
0.76751
0.71376
0.81723
0.59747
0.962
0.14622
0.49935
1
6.803e-06
2.7212e-05
0.00010884
0.00043533
0.0017406
0.0069501
0.027607
0.10738
0.3834
0.94562
0.2057
0.65355
0.90569
0.34167
0.89973
0.36086
0.92256
0.28576
0.8164
0.59955
0.96036
0.15229
0.51639
0.99893
0.0042912
0.017091
0.067196
0.25072
0.75145
0.7471
0.75576
0.73834
0.77278
0.70237
0.83618
0.54793
0.99081
0.036417
0.14036
0.48265
0.9988
0.0048106
0.01915
0.075133
0.27795
0.80278
0.6333
0.92892
0.2641
0.77741
0.69217
0.85228
0.5036
0.99995
0.00020699
0.00082781
0.0033085
0.01319
0.052065
0.19742
0.63377
0.92842
0.26582
0.78064
0.68496
0.86316
0.47245
0.99696
0.012104
0.047828
0.18216
0.59592
0.9632
0.14178
0.48673
0.9993
0.0028172
0.011237
0.044444
0.16987
0.56407
0.98358
0.064596
0.2417
0.73311
0.78263
0.68048
0.86971
0.45326
0.99126
0.034648
0.13379
0.46357
0.99469
0.021126
0.082718
0.3035
0.84556
0.52236
0.998
0.0079837
0.03168
0.12271
0.43059
0.98073
0.07559
0.2795
0.80553
0.62662
0.93587
0.24005
0.72971
0.78893
0.66609
0.88966
0.39267
0.95392
0.17584
0.57967
0.97461
0.098974
0.35671
0.91788
0.30152
0.84242
0.531
0.99616
0.015315
0.06032
0.22673
0.70129
0.83793
0.5432
0.99254
0.029637
0.11503
0.4072
0.96555
0.13304
0.46135
0.99403
0.023753
0.092754
0.3366
0.8932
0.38156
0.94389
0.21184
0.66786
0.88729
0.40001
0.96001
0.15357
0.51994
0.99841
0.0063533
0.025252
0.098456
0.35505
0.91596
0.30791
0.85241
0.50322
0.99996
0.0001659
0.00066347
0.0026521
0.01058
0.041874
0.16048
0.53891
0.99394
0.024076
0.093985
0.34061
0.89838
0.36519
0.9273
0.26966
0.78777
0.66875
0.88609
0.40373
0.96293
0.14278
0.48957
0.99957
0.0017385
0.0069418
0.027574
0.10726
0.38301
0.94525
0.207
0.65661
0.90189
0.35394
0.91466
0.31222
0.85896
0.48459
0.99905
0.0037957
0.015125
0.059586
0.22414
0.69561
0.84695
0.51851
0.99863
0.0054761
0.021784
0.085239
0.31189
0.85846
0.48602
0.99922
0.0031258
0.012464
0.049236
0.18725
0.60874
0.9527
0.18024
0.59101
0.96687
0.12813
0.44686
0.98871
0.044667
0.17069
0.56621
0.98247
0.068908
0.25664
0.7631
0.72311
0.80089
0.63786
0.92397
0.28098
0.80813
0.62023
0.94218
0.2179
0.68168
0.86797
0.4584
0.99308
0.027501
0.10698
0.38214
0.94444
0.2099
0.66336
0.89325
0.38141
0.94374
0.21237
0.66907
0.88567
0.40505
0.96394
0.13905
0.47887
0.99821
0.0071284
0.02831
0.11003
0.39171
0.95309
0.17883
0.5874
0.96944
0.11849
0.41779
0.97297
0.10521
0.37656
0.93905
0.22895
0.70612
0.83006
0.56424
0.98349
0.064935
0.24287
0.73554
0.77808
0.69069
0.85454
0.4972
0.99997
0.00012559
0.00050228
0.0020081
0.0080163
0.031808
0.12319
0.43205
0.98153
0.072521
0.26905
0.78664
0.67135
0.88256
0.41461
0.97083
0.11327
0.40177
0.9614
0.14843
0.50558
0.99988
0.00049861
0.0019935
0.0079579
0.031578
0.12232
0.42945
0.98009
0.078061
0.28787
0.82
0.59039
0.96732
0.12646
0.44186
0.98648
0.05335
0.20201
0.64482
0.91611
0.3074
0.85162
0.50544
0.99988
0.00047367
0.0018938
0.0075607
0.030014
0.11645
0.41157
0.96872
0.12121
0.42607
0.97814
0.085538
0.31288
0.85995
0.48174
0.99867
0.0053271
0.021195
0.082983
0.30439
0.84694
0.51852
0.99863
0.005483
0.021812
0.085344
0.31224
0.85899
0.48452
0.99904
0.0038321
0.01527
0.060146
0.22611
0.69994
0.84009
0.53736
0.99442
0.022205
0.086847
0.31722
0.86636
0.46311
0.99456
0.021658
0.084755
0.31028
0.85603
0.49296
0.9998
0.00079209
0.0031659
0.012623
0.049856
0.18948
0.61431
0.94773
0.19815
0.63555
0.9265
0.27238
0.79276
0.65716
0.9012
0.35614
0.91722
0.30372
0.8459
0.52142
0.99817
0.0073259
0.029089
0.11297
0.40083
0.96066
0.15116
0.51323
0.9993
0.0027988
0.011164
0.044157
0.16883
0.5613
0.98497
0.059219
0.22285
0.69275
0.85139
0.50609
0.99985
0.00059262
0.0023691
0.0094538
0.037458
0.14422
0.49368
0.99984
0.0006394
0.0025559
0.010198
0.040375
0.15498
0.52384
0.99773
0.0090724
0.035961
0.13867
0.47776
0.99802
0.0078974
0.03134
0.12143
0.42674
0.97853
0.084018
0.30784
0.85229
0.50357
0.99995
0.00020339
0.0008134
0.003251
0.012962
0.051174
0.19422
0.626
0.9365
0.23788
0.72517
0.7972
0.64668
0.91393
0.31463
0.86256
0.47421
0.99734
0.010614
0.042007
0.16097
0.54024
0.99352
0.025736
0.1003
0.36094
0.92265
0.28545
0.81588
0.60089
0.95929
0.15622
0.52726
0.99703
0.011851
0.04684
0.17859
0.58677
0.96988
0.11684
0.41274
0.96954
0.11811
0.41664
0.97221
0.10808
0.38561
0.94766
0.1984
0.63616
0.92585
0.27462
0.79682
0.64759
0.91287
0.31815
0.86773
0.4591
0.99331
0.026582
0.1035
0.37115
0.93359
0.24798
0.74595
0.75804
0.73366
0.78161
0.68279
0.86635
0.46316
0.99457
0.021597
0.084521
0.30951
0.85485
0.49632
0.99995
0.00021683
0.00086711
0.0034654
0.013814
0.054492
0.20609
0.65447
0.90456
0.34532
0.9043
0.34616
0.90533
0.34282
0.90118
0.35622
0.91731
0.3034
0.84539
0.52283
0.99792
0.0083199
0.033003
0.12765
0.44543
0.98809
0.047073
0.17943
0.58893
0.96836
0.12254
0.43011
0.98046
0.07663
0.28303
0.8117
0.61137
0.95039
0.18861
0.61214
0.9497
0.19109
0.6183
0.94402
0.21137
0.66677
0.88876
0.39548
0.9563
0.16716
0.55688
0.98706
0.051087
0.19391
0.62523
0.93727
0.23518
0.71947
0.80733
0.6222
0.94027
0.22466
0.69674
0.84517
0.52344
0.9978
0.0087708
0.034775
0.13426
0.46495
0.99509
0.01956
0.076709
0.2833
0.81216
0.61022
0.9514
0.18494
0.60294
0.95762
0.16235
0.54397
0.99227
0.030693
0.119
0.41936
0.97399
0.10133
0.36426
0.9263
0.27307
0.79402
0.65421
0.90488
0.3443
0.90303
0.35027
0.91033
0.32652
0.87962
0.42356
0.97663
0.091305
0.33188
0.88694
0.40112
0.96089
0.15031
0.51087
0.99953
0.0018909
0.0075493
0.029969
0.11628
0.41105
0.96835
0.12259
0.43024
0.98054
0.07634
0.28205
0.80999
0.61563
0.94652
0.20247
0.64591
0.91484
0.31162
0.85805
0.48719
0.99934
0.0026237
0.010467
0.041431
0.15886
0.53449
0.99524
0.018937
0.074315
0.27517
0.79781
0.64525
0.91561
0.30907
0.85418
0.49822
0.99999
5.0597e-05
0.00020238
0.00080935
0.0032348
0.012897
0.050923
0.19332
0.62379
0.9387
0.23016
0.70875
0.8257
0.57568
0.97709
0.08954
0.32609
0.87902
0.42537
0.97772
0.08712
0.31812
0.86768
0.45925
0.99336
0.026391
0.10278
0.36886
0.93121
0.25622
0.76229
0.72482
0.79783
0.6452
0.91567
0.30888
0.8539
0.49902
1
1.5299e-05
6.1194e-05
0.00024476
0.0009788
0.0039114
0.015584
0.061365
0.2304
0.70926
0.82484
0.57792
0.97572
0.094778
0.34318
0.90163
0.35477
0.91564
0.30899
0.85406
0.49857
0.99999
3.2915e-05
0.00013165
0.00052655
0.0021051
0.0084026
0.033328
0.12887
0.44905
0.98962
0.041107
0.15767
0.53124
0.9961
0.015555
0.061252
0.23
0.7084
0.82627
0.57419
0.97799
0.086118
0.31481
0.86281
0.47346
0.99718
0.011237
0.044443
0.16987
0.56406
0.98359
0.064574
0.24162
0.73295
0.78293
0.67979
0.8707
0.45033
0.99013
0.039078
0.1502
0.51057
0.99955
0.0017852
0.0071281
0.028309
0.11003
0.3917
0.95308
0.17886
0.58748
0.96939
0.11869
0.41843
0.97338
0.10364
0.37158
0.93404
0.24644
0.74284
0.76412
0.72097
0.80469
0.62866
0.93379
0.24732
0.74461
0.76067
0.72821
0.79168
0.65968
0.89801
0.36637
0.92857
0.26531
0.77968
0.68711
0.85997
0.4817
0.99866
0.0053528
0.021296
0.083372
0.30568
0.84896
0.5129
0.99933
0.0026601
0.010612
0.041998
0.16094
0.54014
0.99356
0.025613
0.099829
0.35945
0.92099
0.29108
0.82541
0.57643
0.97663
0.091292
0.33183
0.88688
0.40131
0.96104
0.14977
0.50935
0.99965
0.0013997
0.0055909
0.022239
0.086976
0.31765
0.86699
0.46128
0.994
0.023843
0.093098
0.33772
0.89466
0.37696
0.93945
0.22754
0.70306
0.83506
0.55093
0.98962
0.04107
0.15753
0.53087
0.99619
0.015188
0.059831
0.22501
0.69751
0.84396
0.52678
0.99713
0.011439
0.045233
0.17275
0.57163
0.97948
0.080399
0.29574
0.83311
0.55615
0.98739
0.049803
0.18929
0.61384
0.94816
0.19661
0.63182
0.93049
0.25871
0.76711
0.7146
0.81578
0.60113
0.95909
0.15693
0.52921
0.99659
0.013605
0.053679
0.20319
0.64761
0.91284
0.31824
0.86786
0.45872
0.99318
0.027077
0.10537
0.37708
0.93957
0.22713
0.70216
0.83652
0.54702
0.99116
0.035061
0.13533
0.46806
0.99592
0.016257
0.063972
0.23952
0.7286
0.79097
0.66135
0.89587
0.37315
0.93564
0.24087
0.7314
0.78582
0.67324
0.87996
0.42253
0.97599
0.093728
0.33977
0.89731
0.36859
0.93092
0.25722
0.76424
0.72071
0.80515
0.62755
0.93493
0.24335
0.73652
0.77623
0.69479
0.84822
0.51497
0.9991
0.0035834
0.014282
0.056313
0.21257
0.66953
0.88504
0.40697
0.96538
0.13368
0.46323
0.99459
0.021519
0.084224
0.30852
0.85334
0.5006
1
5.7165e-06
2.2866e-05
9.1462e-05
0.00036581
0.0014627
0.0058423
0.023233
0.090772
0.33013
0.88458
0.4084
0.96644
0.12974
0.45163
0.99064
0.037081
0.14282
0.4897
0.99958
0.001697
0.0067766
0.026923
0.10479
0.37524
0.93774
0.23354
0.71599
0.81339
0.60715
0.95407
0.17527
0.5782
0.97554
0.095449
0.34535
0.90434
0.34604
0.90519
0.34329
0.90176
0.35434
0.91513
0.31066
0.8566
0.49135
0.9997
0.001198
0.0047862
0.019053
0.074761
0.27669
0.80052
0.63874
0.923
0.28428
0.81386
0.60597
0.95508
0.1716
0.56862
0.98117
0.073916
0.27381
0.79535
0.65106
0.90872
0.3318
0.88683
0.40145
0.96116
0.14934
0.50816
0.99973
0.0010644
0.004253
0.01694
0.06661
0.24869
0.74738
0.75521
0.73947
0.77062
0.70705
0.82852
0.56831
0.98133
0.073269
0.2716
0.79134
0.66049
0.89698
0.36963
0.93202
0.25344
0.75683
0.73616
0.77691
0.69328
0.85057
0.5084
0.99972
0.0011278
0.004506
0.017943
0.070483
0.26206
0.77354
0.7007
0.83887
0.54066
0.99339
0.026273
0.10233
0.36744
0.92971
0.26141
0.77229
0.70343
0.83446
0.55255
0.98896
0.043688
0.16712
0.55676
0.98711
0.050876
0.19315
0.62338
0.93911
0.22872
0.70563
0.83087
0.5621
0.98457
0.06076
0.22827
0.70466
0.83246
0.55788
0.9866
0.052882
0.20034
0.64082
0.92068
0.29211
0.82712
0.57197
0.97928
0.081147
0.29825
0.83719
0.54522
0.99182
0.03245
0.12559
0.43926
0.98524
0.058159
0.2191
0.68439
0.864
0.47002
0.9964
0.014329
0.056496
0.21322
0.67102
0.88301
0.41321
0.96987
0.11689
0.4129
0.96966
0.11769
0.41534
0.97133
0.11138
0.39589
0.95665
0.16589
0.55348
0.98856
0.045245
0.17279
0.57174
0.97941
0.080657
0.29661
0.83452
0.55238
0.98903
0.04341
0.1661
0.55405
0.98831
0.046197
0.17625
0.58075
0.97392
0.1016
0.36512
0.92723
0.26989
0.78819
0.66778
0.8874
0.39968
0.95975
0.15453
0.52262
0.99795
0.0081666
0.0324
0.1254
0.4387
0.98497
0.05922
0.22285
0.69276
0.85138
0.50612
0.99985
0.00059984
0.0023979
0.0095687
0.037908
0.14589
0.49841
0.99999
4.0375e-05
0.00016149
0.00064587
0.0025818
0.010301
0.040778
0.15646
0.52792
0.99688
0.012437
0.049129
0.18686
0.60778
0.95354
0.17722
0.58324
0.97228
0.10779
0.38468
0.94681
0.20145
0.64348
0.91766
0.30224
0.84357
0.52784
0.9969
0.012365
0.048848
0.18585
0.60524
0.9557
0.16934
0.56267
0.98429
0.061846
0.23209
0.71289
0.81872
0.59368
0.9649
0.13549
0.46852
0.99604
0.015792
0.06217
0.23322
0.71532
0.81456
0.60422
0.95656
0.16623
0.55438
0.98817
0.046759
0.17829
0.58602
0.97041
0.11488
0.40672
0.96519
0.13439
0.46531
0.99519
0.019164
0.075188
0.27814
0.80311
0.6325
0.92977
0.26118
0.77185
0.70439
0.8329
0.5567
0.98714
0.050784
0.19282
0.62256
0.93992
0.22589
0.69946
0.84086
0.53526
0.99503
0.019789
0.077591
0.28628
0.8173
0.59729
0.96214
0.1457
0.49788
0.99998
7.1741e-05
0.00028695
0.0011475
0.0045845
0.018254
0.071683
0.26618
0.78131
0.68345
0.86538
0.46599
0.99537
0.01842
0.072324
0.26837
0.7854
0.6742
0.87862
0.42658
0.97844
0.084395
0.30909
0.85421
0.49813
0.99999
5.5769e-05
0.00022306
0.00089206
0.0035651
0.014209
0.05603
0.21156
0.66721
0.88816
0.39733
0.95784
0.16154
0.54177
0.99302
0.027716
0.10779
0.38469
0.94682
0.20142
0.6434
0.91775
0.30195
0.8431
0.52913
0.99661
0.013533
0.0534
0.20219
0.64524
0.91562
0.30904
0.85414
0.49833
0.99999
4.4801e-05
0.0001792
0.00071666
0.0028646
0.011426
0.04518
0.17255
0.57112
0.97977
0.079289
0.29201
0.82696
0.5724
0.97903
0.082104
0.30145
0.84231
0.53128
0.99609
0.015597
0.061414
0.23057
0.70963
0.82422
0.57952
0.9747
0.098624
0.35559
0.91658
0.30583
0.84919
0.51225
0.9994
0.0024001
0.0095775
0.037943
0.14601
0.49877
0.99999
2.4056e-05
9.6221e-05
0.00038485
0.0015388
0.0061457
0.024432
0.095339
0.345
0.9039
0.34747
0.90693
0.33762
0.89454
0.37737
0.93984
0.22615
0.70002
0.83997
0.53769
0.99432
0.022604
0.088372
0.32225
0.87362
0.44164
0.98637
0.053759
0.20347
0.64829
0.91204
0.3209
0.87169
0.4474
0.98893
0.04378
0.16745
0.55766
0.9867
0.052479
0.1989
0.63735
0.92454
0.27908
0.80477
0.62845
0.934
0.24656
0.74308
0.76364
0.72197
0.80292
0.63295
0.9293
0.26282
0.77498
0.69755
0.8439
0.52693
0.9971
0.011566
0.045728
0.17455
0.57632
0.9767
0.091023
0.33095
0.88569
0.40497
0.96388
0.13926
0.47947
0.99831
0.0067301
0.026739
0.1041
0.37304
0.93553
0.24126
0.73221
0.7843
0.67668
0.87513
0.4371
0.98418
0.062298
0.23367
0.71627
0.81291
0.60834
0.95305
0.17899
0.5878
0.96916
0.11954
0.421
0.97503
0.097371
0.35156
0.91186
0.32148
0.87252
0.44492
0.98787
0.047946
0.18259
0.597
0.96236
0.14489
0.49559
0.99992
0.00031157
0.0012459
0.0049774
0.01981
0.077672
0.28656
0.81777
0.59609
0.96306
0.14229
0.48817
0.99944
0.0022381
0.0089325
0.035411
0.13663
0.47184
0.99683
0.012645
0.049941
0.18979
0.61508
0.94703
0.20065
0.64157
0.91984
0.29495
0.83182
0.55957
0.9858
0.055977
0.21137
0.66678
0.88874
0.39554
0.95635
0.16697
0.55636
0.98729
0.050178
0.19064
0.61719
0.94507
0.20767
0.65816
0.89994
0.3602
0.92182
0.28827
0.82069
0.58864
0.96857
0.12175
0.42771
0.9791
0.081865
0.30065
0.84104
0.53477
0.99517
0.019246
0.075502
0.2792
0.805
0.62791
0.93456
0.24464
0.73916
0.77121
0.70578
0.83063
0.56275
0.98425
0.062004
0.23264
0.71407
0.81669
0.59883
0.96093
0.15017
0.51048
0.99956
0.0017582
0.0070202
0.027884
0.10843
0.38668
0.94863
0.19492
0.6277
0.93477
0.24391
0.73767
0.77405
0.69959
0.84066
0.53581
0.99487
0.020416
0.079996
0.29439
0.83089
0.56205
0.9846
0.060648
0.22788
0.7038
0.83386
0.55415
0.98827
0.046366
0.17686
0.58233
0.97288
0.10552
0.37755
0.94002
0.22551
0.69863
0.84219
0.53162
0.996
0.015935
0.062726
0.23516
0.71945
0.80737
0.62209
0.94037
0.22429
0.69594
0.84643
0.51995
0.99841
0.0063554
0.02526
0.098487
0.35515
0.91607
0.30753
0.85182
0.50489
0.9999
0.00038287
0.0015309
0.0061141
0.024307
0.094865
0.34346
0.90198
0.35364
0.91431
0.31339
0.8607
0.47958
0.99833
0.0066637
0.026477
0.10311
0.3699
0.93229
0.25249
0.75495
0.73999
0.76961
0.70923
0.82489
0.57779
0.97579
0.094485
0.34223
0.90044
0.35861
0.92003
0.29429
0.83074
0.56245
0.9844
0.061427
0.23061
0.70972
0.82406
0.57993
0.97445
0.099605
0.35874
0.92018
0.2938
0.82993
0.56459
0.98331
0.065642
0.24533
0.74058
0.76849
0.71164
0.82083
0.58828
0.96883
0.12081
0.42486
0.97742
0.08829
0.32198
0.87323
0.44278
0.98691
0.051692
0.19608
0.63053
0.93185
0.25402
0.75797
0.73381
0.78132
0.68343
0.86542
0.46588
0.99534
0.018536
0.072771
0.2699
0.78822
0.66772
0.88747
0.39946
0.95956
0.1552
0.52446
0.99761
0.009547
0.037823
0.14557
0.49752
0.99998
9.8348e-05
0.00039335
0.0015728
0.0062813
0.024967
0.097375
0.35157
0.91188
0.32142
0.87244
0.44514
0.98796
0.047569
0.18122
0.59353
0.96501
0.13505
0.46726
0.99571
0.017077
0.067142
0.25053
0.75107
0.74786
0.75426
0.74141
0.76689
0.71508
0.81496
0.60321
0.95739
0.16318
0.5462
0.99146
0.033861
0.13086
0.45493
0.99188
0.032232
0.12477
0.43682
0.98403
0.062847
0.23559
0.72035
0.80579
0.62598
0.93652
0.2378
0.725
0.7975
0.64598
0.91476
0.31189
0.85845
0.48605
0.99922
0.0031132
0.012414
0.04904
0.18654
0.60697
0.95423
0.1747
0.57672
0.97646
0.091959
0.33401
0.88979
0.39225
0.95356
0.17712
0.58301
0.97244
0.1072
0.38283
0.94509
0.20759
0.65798
0.90017
0.35946
0.92099
0.29106
0.82538
0.5765
0.97659
0.09145
0.33235
0.88757
0.39916
0.95933
0.15607
0.52686
0.99711
0.011509
0.045508
0.17375
0.57424
0.97796
0.086233
0.31519
0.86338
0.47182
0.99682
0.012665
0.050017
0.19006
0.61575
0.94641
0.20288
0.64688
0.91371
0.31537
0.86365
0.47103
0.99664
0.013386
0.052829
0.20015
0.64036
0.92119
0.29039
0.82425
0.57944
0.97476
0.098419
0.35493
0.91582
0.30837
0.85312
0.50124
0.99999
2.4564e-05
9.8254e-05
0.00039298
0.0015713
0.0062753
0.024944
0.097286
0.35129
0.91154
0.32255
0.87405
0.44034
0.98576
0.056139
0.21195
0.6681
0.88696
0.40104
0.96082
0.15056
0.51158
0.99946
0.0021439
0.0085572
0.033936
0.13114
0.45576
0.99217
0.03107
0.12042
0.42367
0.9767
0.091041
0.33101
0.88577
0.40473
0.96369
0.13995
0.48146
0.99863
0.0054913
0.021845
0.085469
0.31266
0.85961
0.48272
0.99881
0.0047715
0.018995
0.074536
0.27592
0.79916
0.64202
0.91932
0.29669
0.83465
0.55203
0.98917
0.042842
0.16403
0.54849
0.9906
0.037262
0.14349
0.49161
0.99972
0.0011256
0.0044973
0.017908
0.070351
0.26161
0.77267
0.70259
0.83582
0.54889
0.99044
0.037881
0.14578
0.49812
0.99999
5.6481e-05
0.00022591
0.00090345
0.0036105
0.01439
0.056732
0.21405
0.67294
0.88037
0.42127
0.9752
0.096723
0.34947
0.90936
0.32969
0.88398
0.41025
0.96778
0.12474
0.43671
0.98398
0.063064
0.23635
0.72195
0.80295
0.63288
0.92937
0.26256
0.77449
0.69862
0.8422
0.5316
0.99601
0.015914
0.062643
0.23488
0.71884
0.80844
0.61945
0.94293
0.21527
0.67571
0.87651
0.43297
0.98203
0.0706
0.26246
0.77431
0.69903
0.84156
0.53336
0.99555
0.017724
0.069641
0.25916
0.76799
0.71272
0.819
0.59295
0.96544
0.13344
0.46255
0.99439
0.022316
0.087271
0.31862
0.86841
0.45711
0.99264
0.029218
0.11346
0.40234
0.96185
0.14678
0.50095
1
1.4374e-05
5.7496e-05
0.00022997
0.00091967
0.0036753
0.014647
0.05773
0.21759
0.68098
0.86899
0.45539
0.99204
0.031588
0.12236
0.42956
0.98015
0.077819
0.28705
0.81862
0.59393
0.96471
0.13619
0.47058
0.99654
0.013803
0.05445
0.20594
0.65412
0.90499
0.34393
0.90257
0.35176
0.9121
0.32069
0.87139
0.44827
0.9893
0.042358
0.16226
0.54372
0.99236
0.030345
0.1177
0.41538
0.97135
0.1113
0.39564
0.95644
0.16665
0.55551
0.98767
0.048696
0.1853
0.60386
0.95686
0.16513
0.55146
0.98941
0.041914
0.16063
0.53931
0.99382
0.024576
0.095888
0.34678
0.90609
0.34037
0.89807
0.36616
0.92835
0.26608
0.78112
0.68388
0.86475
0.46783
0.99586
0.016493
0.064884
0.24269
0.73518
0.77877
0.68915
0.85689
0.49052
0.99964
0.0014367
0.0057384
0.022822
0.089204
0.32499
0.87748
0.43004
0.98042
0.076781
0.28354
0.81259
0.60916
0.95234
0.18157
0.5944
0.96435
0.1375
0.47438
0.99738
0.010472
0.041449
0.15893
0.53467
0.99519
0.019142
0.075102
0.27785
0.80259
0.63375
0.92844
0.26574
0.78049
0.6853
0.86265
0.47394
0.99728
0.010833
0.042862
0.1641
0.54868
0.99052
0.037563
0.14461
0.49478
0.99989
0.00043563
0.0017418
0.006955
0.027626
0.10745
0.38363
0.94583
0.20495
0.65177
0.90786
0.3346
0.89057
0.38982
0.95144
0.1848
0.60258
0.95791
0.16129
0.54109
0.99325
0.026833
0.10445
0.37417
0.93667
0.23728
0.72391
0.79945
0.64131
0.92012
0.29399
0.83023
0.56378
0.98373
0.064031
0.23972
0.72903
0.79019
0.66317
0.8935
0.38062
0.94299
0.21503
0.67518
0.87725
0.43073
0.98081
0.075292
0.27849
0.80374
0.63097
0.93139
0.25562
0.76111
0.7273
0.79335
0.65579
0.90291
0.35064
0.91077
0.32508
0.87761
0.42964
0.9802
0.077651
0.28648
0.81764
0.59641
0.96282
0.14319
0.49073
0.99966
0.0013732
0.0054854
0.021821
0.08538
0.31236
0.85916
0.484
0.99898
0.0040897
0.016292
0.064105
0.23998
0.72957
0.7892
0.66546
0.89049
0.39006
0.95165
0.18404
0.60067
0.95946
0.15558
0.52551
0.9974
0.010387
0.041116
0.1577
0.53133
0.99607
0.015641
0.061585
0.23117
0.71092
0.82205
0.58514
0.971
0.11262
0.39975
0.9598
0.15435
0.52209
0.99805
0.0077927
0.030928
0.11989
0.42205
0.9757
0.094855
0.34343
0.90195
0.35376
0.91445
0.31291
0.85999
0.48164
0.99865
0.005388
0.021436
0.083905
0.30746
0.85171
0.50519
0.99989
0.00043148
0.0017252
0.0068889
0.027366
0.10647
0.38053
0.9429
0.21534
0.67588
0.87626
0.4337
0.98242
0.069086
0.25725
0.76429
0.72059
0.80535
0.62703
0.93545
0.24154
0.73279
0.78324
0.6791
0.87169
0.44738
0.98893
0.043809
0.16756
0.55793
0.98657
0.05298
0.20069
0.64166
0.91973
0.29531
0.83242
0.558
0.98654
0.053101
0.20113
0.6427
0.91855
0.29926
0.83881
0.54083
0.99333
0.026497
0.10318
0.37013
0.93253
0.25166
0.7533
0.74336
0.76311
0.7231
0.80091
0.63781
0.92404
0.28077
0.80776
0.62114
0.9413
0.22102
0.68868
0.8576
0.48849
0.99947
0.0021174
0.0084518
0.033522
0.12959
0.45119
0.99047
0.037756
0.14532
0.49681
0.99996
0.00016253
0.00065002
0.0025984
0.010367
0.041037
0.15741
0.53053
0.99627
0.014858
0.058548
0.22048
0.68748
0.85941
0.48329
0.99888
0.0044618
0.017768
0.069807
0.25974
0.76909
0.71035
0.82301
0.58266
0.97267
0.10634
0.38014
0.94253
0.21666
0.67888
0.87201
0.44643
0.98852
0.04539
0.17332
0.57311
0.97862
0.083702
0.30679
0.85067
0.50812
0.99974
0.0010536
0.0042099
0.016769
0.065951
0.2464
0.74276
0.76428
0.72063
0.80528
0.62721
0.93527
0.24215
0.73405
0.78089
0.6844
0.86398
0.47007
0.99642
0.01428
0.056305
0.21254
0.66947
0.88512
0.40672
0.9652
0.13436
0.46523
0.99517
0.019246
0.075504
0.27921
0.80501
0.62787
0.9346
0.24451
0.7389
0.77171
0.70469
0.83242
0.558
0.98654
0.053101
0.20112
0.64269
0.91856
0.29925
0.83879
0.54089
0.99331
0.026567
0.10344
0.37097
0.93341
0.24864
0.74726
0.75544
0.73899
0.77153
0.70509
0.83176
0.55975
0.98572
0.056299
0.21252
0.66941
0.8852
0.40649
0.96503
0.135
0.4671
0.99567
0.017247
0.067799
0.25281
0.75558
0.73871
0.77208
0.70389
0.83371
0.55455
0.9881
0.047043
0.17932
0.58866
0.96856
0.12181
0.4279
0.9792
0.081454
0.29928
0.83884
0.54074
0.99336
0.026379
0.10273
0.36872
0.93106
0.25675
0.76332
0.72264
0.80172
0.63586
0.92617
0.27353
0.79484
0.65228
0.90724
0.33663
0.89324
0.38146
0.94379
0.21219
0.66867
0.8862
0.40339
0.96267
0.14376
0.49237
0.99977
0.00093063
0.0037191
0.014821
0.058405
0.21998
0.68635
0.8611
0.47843
0.99814
0.0074317
0.029506
0.11454
0.40569
0.96442
0.13726
0.47367
0.99723
0.011058
0.043742
0.16731
0.55728
0.98687
0.051811
0.19651
0.63157
0.93076
0.25778
0.76533
0.71841
0.80919
0.61761
0.94467
0.20908
0.66146
0.89573
0.3736
0.93609
0.23931
0.72816
0.79177
0.65948
0.89826
0.36556
0.9277
0.26829
0.78524
0.67455
0.87813
0.42808
0.97931
0.081056
0.29794
0.83669
0.54655
0.99133
0.034365
0.13274
0.46047
0.99375
0.024843
0.096905
0.35006
0.91007
0.32737
0.8808
0.41997
0.97438
0.099847
0.35951
0.92105
0.29086
0.82505
0.57738
0.97605
0.0935
0.33903
0.89636
0.3716
0.93406
0.24638
0.7427
0.76438
0.72041
0.80568
0.62624
0.93625
0.23873
0.72695
0.79398
0.65431
0.90476
0.34468
0.90351
0.34873
0.90847
0.33259
0.8879
0.39813
0.95849
0.15915
0.53529
0.99502
0.019824
0.077725
0.28673
0.81807
0.59532
0.96365
0.1401
0.4819
0.99869
0.0052366
0.020837
0.081611
0.2998
0.83968
0.53846
0.99408
0.023533
0.091915
0.33387
0.8896
0.39285
0.95408
0.17526
0.57818
0.97555
0.095391
0.34517
0.90411
0.34679
0.90611
0.3403
0.89799
0.36642
0.92863
0.26511
0.77931
0.68794
0.85871
0.4853
0.99914
0.0034554
0.013774
0.054337
0.20554
0.65317
0.90616
0.34014
0.89777
0.3671
0.92936
0.26261
0.77459
0.69839
0.84256
0.53061
0.99625
0.014939
0.058864
0.2216
0.68997
0.85565
0.49405
0.99986
0.00056729
0.0022679
0.009051
0.035876
0.13836
0.47685
0.99786
0.0085527
0.033918
0.13107
0.45557
0.9921
0.031338
0.12143
0.42672
0.97852
0.084064
0.30799
0.85252
0.5029
0.99997
0.00013502
0.00054
0.0021588
0.0086167
0.03417
0.13201
0.45833
0.99305
0.027591
0.10732
0.38321
0.94544
0.20633
0.65503
0.90386
0.34758
0.90708
0.33716
0.89393
0.37928
0.94171
0.21958
0.68545
0.86243
0.47457
0.99741
0.010318
0.040846
0.15671
0.52861
0.99673
0.013049
0.051516
0.19545
0.62899
0.93345
0.2485
0.74699
0.75599
0.73788
0.77365
0.70046
0.83927
0.53959
0.99373
0.024921
0.097199
0.351
0.9112
0.32365
0.87561
0.43568
0.98345
0.065104
0.24346
0.73675
0.7758
0.69575
0.84673
0.5191
0.99854
0.0058297
0.023183
0.090581
0.3295
0.88373
0.41102
0.96833
0.12267
0.43049
0.98068
0.075805
0.28024
0.80681
0.62346
0.93903
0.22901
0.70626
0.82982
0.56488
0.98316
0.066208
0.2473
0.74457
0.76075
0.72805
0.79198
0.659
0.89888
0.36357
0.92555
0.27562
0.79862
0.64331
0.91785
0.3016
0.84255
0.53064
0.99624
0.014965
0.058964
0.22195
0.69075
0.85445
0.49745
0.99997
0.00010403
0.0004161
0.0016637
0.0066437
0.026398
0.10281
0.36895
0.9313
0.25592
0.76171
0.72604
0.79562
0.65043
0.90948
0.32929
0.88343
0.41193
0.96897
0.12026
0.4232
0.97641
0.092147
0.33462
0.8906
0.38972
0.95136
0.18511
0.60338
0.95725
0.16368
0.54756
0.99095
0.035861
0.1383
0.47669
0.99783
0.0086762
0.034404
0.13288
0.46089
0.99388
0.024318
0.094906
0.3436
0.90215
0.3531
0.91368
0.31548
0.86381
0.47056
