0.87850312744878638639259788503187
0.38103951683236933553916477246401
0.84196598709443677293582655497398
0.4750143424429268201927262144993
0.89025776127554693324295047948463
0.34877969296083362932676357236632
0.81085039521878850879006481108655
0.54752982108304753524985299635312
0.88442161120441729895818372673784
0.36491993525252199245662907682103
0.82734696197756768029055892804492
0.50994519990262883946870756981382
0.89213332534721549625904237578155
0.34354106681820115150795244492822
0.80509629784018440250016235507797
0.5601824841216041699107982984005
0.87955631966015995343508677293779
0.37818933537651804532132574831489
0.83951614236252985720311455335562
0.48097445743565279177012147395562
0.891194200199515651659492127182
0.34616727085602753291659580996751
0.80800540807169640404451969769323
0.55381519882930910182598646953588
0.88214758532470632974910736155027
0.37114305809146797761236280116322
0.83321064206150684862598607984291
0.49611773480414642056080801669549
0.89243261180706256747643236136597
0.34270280801119148775929391592688
0.80415737058737872549652209424811
0.56222465324065219003215056100673
0.87866391865002847802257856721687
0.38060489094457795425821938187071
0.84159615674874551802191259990434
0.47591683193419937908145550207794
0.89041585310479587291030445288967
0.34833909697842391572020921003604
0.81037399223663039933587796858467
0.54858635775272653854972293064094
0.88405908226651611231697795348327
0.3659145095847735929410808528012
0.82830265482732675116514015977415
0.50770827319151763317876098035488
0.89227430080788765572798859050126
0.34314629427749309234516190093361
0.80465474116128858104393834398378
0.56114365502245116064331370837498
0.8791400098942302782639955458184
0.37931691232501776404267061990958
0.84049227391150127826257708672157
0.47860480722022419144740044553324
0.89085226007817601027067221849035
0.34712192095760470974964480894585
0.80905069353429654426025056150265
0.55151258468269569611424924615745
0.88301340155086207925616829887438
0.36877800907417711177133873364598
0.83101477053317872611267025556037
0.50132469217236816676195830896695
0.89248015339367230237909453080979
0.34256959192489773458298757990076
0.80400769426369116631389570147355
0.5625496179379106303436547117992
0.87851916723014851410080959855378
0.38099616886667545155548503468428
0.84192916214475634478166657751534
0.47510424939861824041383388415211
0.89027377135932702392538441793822
0.34873508158016547799962543831543
0.81080222135967187545436820623001
0.54763673169394783673223304609283
0.88438528945513680783714642630003
0.36501962388446335751050862548902
0.82744307189747946825159358645521
0.50972053673235503687224144486198
0.89214909796244008421538058569455
0.34349690593019188730003812213135
0.80504695875973544677173851555121
0.56028995343490050499108387428078
0.87951009925176799854317893377559
0.37831458463521747102454061593351
0.83962501750719432691254959855903
0.48071048996921971956886444126172
0.89115809402831196811137622035641
0.34626811377416118259953337527278
0.8081161324832536326382766263499
0.55357165822431582364152512699979
0.88224095032854204642241931198827
0.37088828128404031700941868581477
0.83297600941077230108593631470653
0.49667574994167380501275716677996
0.89244696778881477472957414401758
0.34266258287393264762507220717831
0.80411218856836074030294210832656
0.56232276551060025608538364208269
0.87862029523490572073459176852481
0.38072282525518334874645182683522
0.84169664233450091513665320584841
0.47567171561897202411262730618099
0.89037349056996348731884398895694
0.34845717727174738849597847052375
0.81050180480555152654533206714167
0.54830306210572965469709123338475
0.88415707138796141749200107166964
0.36564577540568591687829663749557
0.8280451227790816629555715884776
0.50831170320587733121313926956212
0.89223979037659667234611709137387
0.34324294669973474110839795710943
0.80476295063955276466116302895038
0.5609082357745123717478247745305
0.87924258644389746469086612761121
0.37903919814721202816290386677725
0.84025270223260570101454530175151
0.47918701972410024559709181712078
0.89093998837335375351496479544035
0.34687707515864662155194546591451
0.80878322227953415680575950614469
0.55210252824614957147043852534396
0.88279518123563373368844131387113
0.36937460051064700269298891835453
0.83157245284775830076491093321611
0.50000555020777273360371012145566
0.89248641785775028293311051910955
0.34255203709230036720215151851686
0.803987960899581996547492989841
0.5625924494308078868534984915728
0.87850003224434480297663125051079
0.38104788149903977189874545608477
0.84197309149912702252883960659981
0.47499699614831394866487541236934
0.8902546657112241195900897316393
0.34878831840089830090465350529694
0.81085970781116781326331763414604
0.5475091520516125048466652610356
0.88442862387547518951615526920706
0.36490068719860734119660802216865
0.82732839673490145738670675880223
0.50998858976095399148050474410571
0.89213023761442070694042208475789
0.34354971178551387421964647621462
0.80510595486448915303676464157482
0.56016144736713849825430654905408
0.87956535749790561628361156273814
0.37816484262703937009750391476122
0.83949483851153153977605339911592
0.48102609865884965255211184322818
0.89120120563872327924323257004569
0.3461477039000779036710681776741
0.80798391535894964711729233162201
0.55386246234529702614996642563391
0.88212941706844252324030201884656
0.37119262885924693581862440742846
0.83325623961323713272460470310518
0.49600924680367210259314554461184
0.89242956261642340187812275846441
0.34271135158516488914403707961272
0.80416696548537424671908430885357
0.56220381614622361864345445798185
0.87867317454729582364464204779714
0.38057986621684609588510394921399
0.84157482173086997559871183536234
0.47596886555252698704533559973596
0.89042479068245555076461628640639
0.34831418295626991863285812993638
0.81034701206197250011682422852466
0.5486461442080466039191786384152
0.88403832950605180105694298373697
0.36597141502428671361650350057135
0.82835712202143457227305721156631
0.50758058903120361459791417514457
0.89228126986139142268140561989508
0.34312677520773533945321321812787
0.80463288003548093033728991034708
0.56119120567543995025547968178659
0.8791192431543037403696002529072
0.37937312673409259979956782824742
0.84054070057031858951888064659378
0.47848706987112422627556428518455
0.89083422511016902005732297017221
0.34717224894768771668987972792869
0.80910561914757546103803171099525
0.55139137569324038472721399120034
0.88305792907285534627484289649597
0.36865623373623669253669127399834
0.83090062496955452558971161923139
0.50159441836765391649094960448509
0.89247734255917903369307983953013
0.3425774686016401180409697854432
0.80401654771048515664677297228965
0.56253040052668042484977630581251
0.87852774835908013252805542620254
0.38097297736724007046276064445722
0.84190945500075723525574697292772
0.47515235979324272868421543829503
0.89028231486106775984590708550183
0.34871127474671803351720979973576
0.81077650759718120458397887642563
0.54769379059188057476589618845308
0.88436587089794089180379098934177
0.36507291617045593389101602073999
0.82749442194442695974949283220745
0.50960047563579666551496896832327
0.89215737917231060936642136369593
0.34347371910970576576370461075282
0.80502104753740850362319584531872
0.56034638573575497170638581220542
0.87948579582493805152705236279794
0.37838043657135468049497552490288
0.83968221554775696679153746874405
0.4805717795778068392713524695972
0.89113892145106565717843795654823
0.34632165813966563873195486822606
0.80817489409464443806481379258233
0.55344237530567602300194994101777
0.88229034083603460001861852321293
0.37075347803468397865052636306887
0.83285167701956655846397279160746
0.49697128413991075964848068690352
0.8924536704285328753805263717457
0.34264380172464069152668854779196
0.80409108909071037983725094517048
0.56236857780754571260103691215608
0.87859990228850712515924108201547
0.3807779521809641497107396738972
0.84174357901252897041742509064442
0.47555719742510600654093104857693
0.89035355179225155656072227308364
0.34851274969837169904137063518299
0.81056192310655883584979057838108
0.54816976998697764951350832265539
0.8842029775627964674379544803164
0.36551985460141931989407276194652
0.8279242735490888888516723901773
0.50859470492441096477454650141626
0.89222270981961020180692986981298
0.34329078060327398410519165966309
0.80481647953109970717867673039205
0.56079174805023680516653934236226
0.87929319597206342221659855748308
0.37890215101000118649897982641614
0.84013427483572452370149702934691
0.47947467330361281976010190277329
0.89098243899707038456835627507656
0.34675857761374392720095021924138
0.80865362103174909615506124029273
0.55238819738837903272660928054059
0.88268861915712848553416038534537
0.36966580649406764189264192969908
0.83184374371103419484850637909494
0.49936303583862959372156612042243
0.89248496955742991109668942425445
0.34255609567182951058689886160736
0.80399252333900984233559079056173
0.5625825468508537150688574925241
0.87850445738981200072318076384425
0.38103592269873127411617916348062
0.8419629343172765457946251539782
0.47502179607034416617183623754534
0.89025909076618252423500541456306
0.34877598846446019097574658401055
0.81084639543780161800794751072373
0.54753869829203271742209751090794
0.88441859837334872563409095428358
0.36492820462351965071126442900732
0.82735493718606615157032273955809
0.50992655984488074662281386179859
0.89213464769346659505495738070232
0.34353736452102742587987624371874
0.80509216195588297148052010732235
0.56019149348237023379888175841634
0.87955244808052825027380744722886
0.37819982726850544062450565526021
0.83952526692444567514419497408006
0.48095233821155213325544323730724
0.89119119377069873600901074373749
0.34617566803223755498263445885004
0.80801463084982162233973893733472
0.55379491648235121985337928781078
0.88215537703706142806674758736713
0.37112179824806392407423929258484
0.8331910808697985012720607918982
0.49616427123027562162602004545522
0.89243389401679572953547506863051
0.34269921534826672157317258605003
0.80415333567596462183765618978459
0.56223341560023381751657694764001
0.8786600254587991139563437843495
0.38061541659716158255474007765683
0.8416051291363519977626684850935
0.47589494835732968047989221242825
0.89041208848780811888622458552165
0.34834959089846174914758496349493
0.81038535510472994303409917116782
0.54856117676042591443961283848212
0.88406781532222217137053266685228
0.36589056205011194921455515973858
0.82827972646804012287675980659774
0.50776201642720300471999559233409
0.8922713326714440081972381793762
0.34315460739037909131397185827052
0.80466405092279033150513689296999
0.56112340410353436246578662100526
0.87914884915218571154344312070929
0.37929298401150096584066285838475
0.84047165369795699286648827673898
0.47865493504649280655367374191225
0.89085990860186444341885656864964
0.3471005764522078754109000643991
0.80902739367856955807273908960252
0.55156399593533768675149157409012
0.8829944833515872978455770115267
0.36882974290551270113698335080396
0.83106323096169964907044674197927
0.50121015195177338720819606529519
0.89248118989742898078657654730175
0.34256668736218916431613597821485
0.80400442940050186279138577407084
0.56255670455281743262154614250762
0.87851600218653702884902039012661
0.38100472263259865038824687424282
0.84193642979968639679743717681811
0.47508650641470181518795608796021
0.890270616367652280218944202706
0.34874387296780724334927223385832
0.81081171591499777012470537039002
0.54761566206051950367697094011942
0.88439245409698378461660551675295
0.36499996056232648057458860655531
0.82742412008447428848476960516876
0.50976484304451238082266019280057
0.89214601593795446673013730545679
0.3435055352626486423629690698415
0.80505660104017270954786144661257
0.5602689521955603329421607930372
0.87951913794877663783017853408519
0.37829009253993710823722518641979
0.83960373612772691579915747348732
0.4807620932656297707236410530158
0.89116519158619481566575803434999
0.34624829134807691473805942358758
0.80809437341151865357366551239982
0.55361952465778286384628470936781
0.88222263343843551536083903634288
0.37093826978907737078363089484233
0.83302208207559455757606321206403
0.49656620863327129822679885926353
0.89244432501265427577619777535562
0.34266998798367024434979867837275
0.80412050706600004113443591935678
0.5623047030768711687882098168187
0.87862833145175910703299714625169
0.38070110065718425647570745704644
0.84167813941567467352977173933004
0.4757168555403931088834366379874
0.89038132415914897761223230495358
0.34843534308249507882084199650841
0.81047817852641532525741692536059
0.54835543837239179406892600181519
0.88413899814031917259814478917363
0.36569534626161088713734568672267
0.8280926660680249608738442161364
0.5082003389345605847211797693689
0.8922463549766963973794388196618
0.34322456205846976722888706855976
0.80474237282162628254608657288152
0.56095301106688316299781831881708
0.87922310748887910538325654621324
0.3790919409498740305433755646306
0.84029824346406481138300129360969
0.47907637594044736464725508722958
0.89092350273615621713735243874424
0.34692309003711640866959158249293
0.80883352191508846769430682693703
0.551991624681093173008985052616
0.88283639416164772314728612544567
0.3692619547395414692673841744751
0.83146734833948086705076253834651
0.50025433426773999761382481770563
0.89248618704250253670801634457583
0.34255268390807419703815349068335
0.80398868802338029942119261382445
0.56259087124960878375938301208385
0.8785007375298200378192977072034
0.38104597549916349151715194272312
0.84197147271054957651638764255409
0.47500094865524781932299212592161
0.89025537125197450491044208647537
0.34878635249737113461578695587604
0.81085758533916237367032781758898
0.54751386287177585838145269432124
0.88442702583807961314446849668942
0.36490507344834228920098163923582
0.82733262761821141652040105895295
0.50997870174541796903102179712865
0.89213094245338672960673029176167
0.34354773839865913500827710251402
0.80510375050236588878285630560981
0.56016624938374795284875971365081
0.87956329472761105735021532527792
0.37817043283364632316916566473383
0.83949970126359544482448821176287
0.48101431147613346859246655869519
0.89119960831429266760898561051112
0.3461521654323081640803206897044
0.80798881623052654531761960906843
0.55385168538169192239955341156392
0.88213356117365253880443713145413
0.37118132217661609644315499595411
0.8332458407328654449848327516194
0.4960339896523121794095563202083
0.89243026544232350336040407574466
0.34270938233239342296673981250908
0.80416475395368283132580852387024
0.56220861895434241320698833532985
0.87867104140103789260443883543132
0.38058563355682696262993937715788
0.84157973911598646763942861280571
0.47595687291240423612388869998933
0.89042273247555335180113669560674
0.34831992037932606792703482934561
0.8103532256898214994759769309829
0.54863237564056841266435193249198
0.8840431110408225026434956306218
0.36595830401284314302222740063962
0.82834457483147880901623699735168
0.50761000453008964613477718404861
0.89227967467083725352458251987292
0.34313124308116453029852922377919
0.80463788424061140128241207297305
0.56118032121137440822057296500424
0.87912399813804022179303909879707
0.37936025552958720676929562423763
0.84052961448967009087794138350076
0.47851402439049608699847927017888
0.89083836273017247977871439666233
0.34716070280043512880058861153434
0.80909301982131917713513886520594
0.55141918159433127017786453024494
0.88304772352569763006013063665099
0.36868414545416516168957909583634
0.83092679724531236455343046030527
0.50153258144732026705587562553012
0.89247803285829116481236043522546
0.34257553421230262581556213189352
0.80401437348264573531329669284884
0.5625351199868479910315780658592
0.87852564122812649579999930080748
0.38097867218252705601775926397106
0.84191429456685288793133507943834
0.47514054537850209526807263805905
0.89028021837393765444000331974365
0.34871711674613280335387813541955
0.81078281791583011963277355462063
0.54767978841743900003980185754965
0.88437063833722982011711812886834
0.36505983266000939415339508841483
0.82748181714097983123771663568034
0.50962994856019163029057585757673
0.89215535580978940569421800671238
0.3434793844313943259239153754248
0.80502737887665514965679170943764
0.56033259709353931596410252608941
0.87949173621209842295328774184359
0.37836434104152041712502599936357
0.83966823806203836679231820223889
0.48060567839413786613869583141601
0.89114361963601927679701449735906
0.34630853748954971741485641348575
0.80816049689052002358663310089955
0.55347405324156123758394143105506
0.88227824981642420735091895900996
0.37078648008980062781126756684931
0.83288212762995754902781567403794
0.49689891419871773627434326197131
0.8924520867528464033589882536557
0.34264823929621369995039523843054
0.80409607465939948203195379772283
0.56235775316507310985408401742142
0.87860472213620246569201132978745
0.3807649232680994387414859590478
0.84173248777287867245416841154436
0.47558425974402785925758960765959
0.89035827206533880147381767837995
0.34849959383093080970594413181346
0.81054769306947654144779674950373
0.54820132264075037995564917176897
0.88419212220151727608385388972752
0.36554963225515195474058347424809
0.82795286210134646154379936641668
0.50852776638046626490218480554371
0.89222680152461528114791934814309
0.34327932202016221230391992250548
0.80480365820498931878555760427884
0.56081965124036468492229319456389
0.87928108191121140195678500971503
0.37893495672217557139747650255658
0.84016263564845485287790543943544
0.47940579558120045548973002635456
0.89097232812678951347137602591182
0.3467868024724932812383973033794
0.80868449977077617251807350376219
0.5523201448608919561901263846664
0.88271405740240470001381447289602
0.36959629786321716417873361877284
0.83177904367878295068069397706191
0.49951631651019046612711574568768
0.89248558277993743627619464707369
0.34255437723703172355711563567541
0.8039905915802864238915871552599
0.56258673966881538722912152895058
0.87850258383936706999281590412786
0.38104098592011589505540460931236
0.84196723487833427826742148076538
0.47501129584821548514186544632655
0.890257217745513357396428676203
0.34878120745078375700282375855703
0.8108520304001913620603740455387
0.54752619188968451037546563098458
0.88442284275232084749661802561091
0.36491655498243533307124690446203
0.82734370181168040076346548315565
0.50995281959527350928376466613727
0.89213278408350221531735947505682
0.34354258224152727333170170195805
0.80509799071105426673900778242589
0.56017879643863836415801250456241
0.87955790419569749328357141721812
0.37818504129069711721513843955548
0.83951240766624007127763156207282
0.48098351069437956639706151793732
0.89119542970435933663697182038313
0.34616383674022114857067516371968
0.80800163617203257311469642785589
0.55382349365792105157378870027685
0.88214439791832578186425545530307
0.37115175486876277136685117124388
0.83321864304023764570815572884439
0.49609869954489633098842948051532
0.89243208287609344192101651954601
0.3427042900357373698993109597178
0.80415903501886656011135265322107
0.56222103866716066905757635962598
0.87866552447620450341795115870658
0.3806005493928347157501293204881
0.84159245564706530388436384097588
0.47592585872218879133801202361819
0.89041740498096217852255135790525
0.34833477107346897765217314573362
0.81036930789665634940711334125882
0.54859673834312903410687240430775
0.88405548084136811796649634548058
0.3659243851508470026399196885483
0.82831210890993936343099154617502
0.5076861120746807411954312717622
0.89227551871902399002352243236016
0.34314288315169917672892096080388
0.80465092093715453127017471841822
0.56115196472856987423014750876244
0.87913638197028547119705355351767
0.37932673313517417378685574952634
0.8405007358070550857975415810623
0.47858423543784521775927031994491
0.89084911603524125932278449947916
0.34713069482268081726335129762371
0.80906027022163521377127012363652
0.55149145254836607112437895013853
0.88302117223429630399171792575731
0.36875675857211537046316994951364
0.83099485909707311573511210716613
0.50137174963415534365417531131583
0.89247970041145091370264545199291
0.34257086130068417737369507033092
0.80400912108203032340080161291764
0.56254652090457462269229544078548
0.87852055032317689242875049539015
0.38099243093237073842327802452822
0.84192598606770003002121217902254
0.47511200323724531947152323033622
0.89027514941241717002721810450716
0.34873124161147023156339804329592
0.81079807408292786050025240744119
0.54764593482985694257806548804017
0.88438215897216971975628277214821
0.36502821536356509763832158206301
0.82745135163087769690830799815732
0.5097011792330472734875431565117
0.89215044010441158646621209809687
0.34349314805783799971619309113578
0.80504275960606026741580470372773
0.56029909913764395948115171581122
0.87950616205996962322281436328798
0.37832525303444165823128130959896
0.83963428602636439649886676825727
0.48068801456273662789901375188197
0.89115499679948984683737670202765
0.34627676376199460132107649734582
0.80812562669332391833231324463411
0.55355077144065990245535927953404
0.88224893787854275258852005932174
0.37086648176348036476885982184245
0.83295591196482088564691277781221
0.49672352841951750642185083368691
0.8924480936512654634672627985902
0.34265942817049919850643108299986
0.80410864462712921406269669599665
0.562330460524528460184850619529
0.87861687091334910055061428139058
0.3807320822083881405991937472612
0.84170452549124256678867101541865
0.47565248304172860225463459775727
0.89037014852566372651647521691865
0.34846649225897824921969460368471
0.81051188330534437390080082318765
0.54828071822157591687197360706475
0.88416477553348981435540026415888
0.36562464395721127247402239387495
0.82802485032391779800609281305043
0.50835918401564240936629888027662
0.89223696459600748739052379028329
0.34325086040959948193504958597958
0.80477180766423810676914299101218
0.56088896283590059991677786178936
0.87925096649842505963790919681697
0.37901650679665644945352478245834
0.84023310307802332930559412775589
0.47923463189849602675083032889336
0.89094705556480315601391425875766
0.34685734854766022632130236338616
0.80876165416044300803366226197616
0.55215007735727582441725449973661
0.88277748459108205188733461265214
0.36942296637502971004728488813189
0.83161755297621524743822123801788
0.49989877329532373376640053904692
0.8924863813870391694589952299335
0.34255213929454784317292324588524
0.80398807579136094285768920716137
0.56259220006493195398751043278112
0.87850014368655264996322718886147
0.38104758033210071080442832943285
0.84197283571615544750968323540755
0.47499762068075601755478538312513
0.89025477720057057692689912153826
0.34878800774962478490209751494603
0.81085937242084290946461281603925
0.54750989645155869628270594129756
0.88442837136545463949800434476506
0.36490138028248139157589092884026
0.8273290652780199331703327164743
0.50998702731446556711382123304393
0.89213034903539801113767389469197
0.34354939983266197182932664951682
0.80510560640093369754805411636001
0.56016220646785643594025040612125
0.87956503142702174717631026489951
0.37816572629682280356360493674905
0.83949560720406222361685403597249
0.4810242353796694209704689173997
0.89120095320492860244593627606431
0.34614840898129077552456431346163
0.80798468988090368895436521232808
0.55386075919130425670011845773031
0.88213007204364348331997603481321
0.37119084184792751580832195328475
0.83325459614000334871942822460329
0.49601315729616682277367334773733
0.89242967398562271345475078179596
0.34271103953926689743121772987176
0.80416661505003799468034083427083
0.56220457719289263063792323245487
0.87867283654272139125426891635106
0.38058078007444458309822582304698
0.84157560092562682789352255877996
0.47596696524464415575125460020698
0.89042446461532866805489494536204
0.34831509189754280948856269711306
0.81034799646082959416842985108955
0.54864396293034024527467993375154
0.88403908710829051075110474034517
0.36596933768300202231509518391662
0.8283551340952553347750030490638
0.50758524957916408021384409896812
0.89228101753363940624658706733697
0.34312748193859288558115794510789
0.80463367161309304530432115490044
0.56118948395575073516606392185004
0.87911999536057373506632946464839
0.37937109060733433388692636045086
0.84053894691534992537023558888915
0.478491333738222958916557382805
0.89083487997518186130343897833614
0.34717042153623533499836763560244
0.80910362511263614379769804549837
0.55139577647534174852985815216845
0.88305631422985187813378811198085
0.36866065030961000518999076907017
0.83090476667506752839500399960069
0.50158463313571786254129614798935
0.89247745361217898833180831924601
0.34257715740381773847051393035545
0.80401619793008284201364532298232
0.56253115977536608489847241174634
0.87852740938265247113209194250234
0.3809738935004530793680578024322
0.84191023356441857162521399617174
0.47515045916430415953397973109235
0.89028197765863474929158786626691
0.34871221438561588054527741929367
0.81077752257792832407954124240639
0.54769153843676940776303468905604
0.88436663780279598315527157476571
0.36507081152793010883599338632166
0.82749239439026070290501019321951
0.5096052165995041963206449576043
0.8921570541162985550437577473133
0.34347462925351013668304853870772
0.80502206469354485479875691743751
0.56034417055199676113307795890039
0.87948675025619673774309390419147
0.37837785054868207934845742063885
0.83967996994988449811612234041631
0.48057722579509909225230453726628
0.89113967681929308697914155270932
0.34631954862878725613191608508972
0.80817257942498667017422489114897
0.55344746833580958176604636536561
0.88228839738190560801418063452355
0.37075878270158597678907382172416
0.83285657209820980683000686911041
0.49695965077853810090923841281235
0.89245341837741922066738003855749
0.34264450799093247442607842091568
0.80409188258345761867706075094379
0.56236685499182990509439824416301
0.87860066945613750160971785090694
0.3807758784003503555610346080186
0.84174181372778785872399427806417
0.47556150472997104215034940549959
0.89035430343236065045352824373237
0.34851065481377728794132562601447
0.81055965725846254785080215360373
0.54817479421124507276861892733597
0.8842012495066843620654392072618
0.3655245949381474749704759427859
0.82792882501517428762520598449724
0.50858404830409311540725707255341
0.89222336336046345371273196627768
0.34328895040795134680153546109364
0.80481443173775557241769856024582
0.56079620476371090714446252120873
0.87929126148037958175103566270482
0.37890738981718422120860694167808
0.84013880434394190667234973117424
0.47946367322108133482183343944329
0.8909808265183791254766842078131
0.34676307895503931593963887695187
0.8086585459989356279885463962997
0.55237734388901539314057038494711
0.88269267844501949158362815203408
0.36965471501903077976884871561678
0.8318334218559703100677551401318
0.49938749132131981827669474526587
0.89248507864233707570931977286873
0.34255578998314768003703105994915
0.80399217970413396915249034283628
0.56258329270085345238521260654375
0.87850412411774301359318821843528
0.38103682335966867453378151643185
0.84196369932730181239997581474719
0.4750199282364585390870199231504
0.89025875764112814635132326868319
0.34877691668621530750208459812308
0.81084739765711401218861339062853
0.54753647395339590430109609596982
0.88441935334324257362025669296187
0.36492613245031513267226714814912
0.82735293877116202359458170630323
0.50993123068317749048535137516111
0.89213431657197896719432302522827
0.3435382915941719941851834540278
0.80509319761052930239897164895643
0.56018923748625157622338311144008
0.87955341760088262068560443205047
0.37819719990063043373512046975963
0.83952298203560605189295234119008
0.48095787715992258114757346787015
0.89119194694837801227744834702734
0.34617356435779159569354269182291
0.8080123203914852076198703137449
0.55379999760246542079740110442114
0.88215342533818751472763314725704
0.37112712353826785634812310779294
0.83319598097469970501983872251701
0.49615261404924387538854802205257
0.89243357428011225670309652276183
0.34270011122942199345014118525924
0.80415434184664119531169269803169
0.56223123057447554122680919582682
0.87866099633571877449233196438485
0.3806127917392692041250629824257
0.84160289170138380236058761944834
0.47590040549593533634109757161141
0.8904130275957011817114938027487
0.34834697313216369882259590943389
0.81038252064814469018882170302581
0.54856745822118164815862372128841
0.88406563726370753542558595583246
0.36589653471061504736595197479749
0.8282854453232800156942074076107
0.50774861199100661083080229763014
0.89227207490323610248106906613569
0.34315252856439308410601522412413
0.8046617229152460780874661238828
0.56112846812501339519575822047181
0.87914663904841816361588594380153
0.37929896692527574848158656677572
0.84047680985453483602241382576006
0.47864240069271176509072845265674
0.89085799778736817178442720623029
0.34710590894398683553242452523107
0.80903321497978744369626363639758
0.55155115156720892586425405195192
0.88299921156225606808225352141468
0.36881681334924621526482683335596
0.83105112130038981614484864836565
0.50123877570675026015958691866486
0.89248093965314349150746437755321
0.34256738861478283218036723580649
0.80400521764645496946080938027046
0.56255499361657166147312755159325
0.87851676636246448034249924928938
0.38100265739682948982834956168858
0.84193467513257779561286135774044
0.47509079022860952030409374535192
0.89027137830540368808777565850302
0.34874174983396559486179374900761
0.81080942301560438130628979131131
0.54762075035667938763952128026309
0.88439072413318515761691630857866
0.36500470847250223183949406361878
0.82742869644630840471363917284856
0.50975414447625684805607381249406
0.8921467614326457465368275689908
0.34350344796502962260601916103264
0.80505426877537299201038576942091
0.56027403201443163633659164181063
0.87951695194064594014973651723432
0.37829601600465111635080433347777
0.83960888346673476727469230409656
0.48074961224429546137348450468986
0.89116347667988058729607888008312
0.34625308085992084046306941505294
0.80809963111440759465132136074638
0.55360795887275128838119550086942
0.88222706077804504589054641596801
0.37092618738502355855055829578714
0.83301094777943165754546688070629
0.49659268266854525474111555943258
0.89244497157177298266108303735474
0.34266817631716571928230387888544
0.80411847197453094069743356256779
0.56230912203401060615315122209966
0.87862636561422244346170576374103
0.3807064150200679025760050391896
0.84168266598913191246557737169161
0.4757058126885514184951965972032
0.89037940912506126336508350094435
0.34844068080606892029036861700591
0.81048395466992816640967323975546
0.54834263381121544803896938748117
0.884143418362731214023561445419
0.36568322280052043246201266204906
0.82808104010631735844662998828317
0.50822757280197230277515517193618
0.89224475779881736128304794506118
0.34322903509990845359884690719155
0.80474737969203946862224144169601
0.56094211689140671619243344488288
0.87922784818721614852318411049247
0.37907910489896759560029856184612
0.84028716189301122071177000354963
0.47910330031194021043737035831471
0.89092752244476264653354462810311
0.34691187036439690570243042184151
0.8088212588963029361529385579468
0.55201866456407778949891114674723
0.88282635395344169236321708141915
0.36928939838776051877609836152022
0.83149296307342172427549070278012
0.5001937110497109706904783848929
0.89248628400918469000883338551757
0.34255241217746077105137988167253
0.80398838255531907466160311213364
0.5625915342512690523158836765177
0.87850044123809968290242418799507
0.38104677621363625980324067119542
0.84197215277012375909481355539538
0.47499928819351081759141439037751
0.8902550748654689212522139475402
0.34878717834276965412130200463531
0.81085847695989688336172726683399
0.54751188392618415703549635131748
0.88442769716915749044686539041599
0.36490323079921444162380466108231
0.82733085025474134852970363446025
0.50998285564477732868415723704527
0.89213064643955890155675910869505
0.34354856716966829599336918257124
0.80510467628035007644636604752346
0.56016423265886647122420732438584
0.87956416105874043693750982848676
0.37816808503836190089581271932152
0.83949765901448970428008549524214
0.48101926185465166969202755070042
0.89120027927909509067134422362103
0.34615029134368240822002786144423
0.8079867576125516279163521357008
0.55385621228124735416621963995133
0.88213182052942445471117129157373
0.3711860713257702467104763370171
0.83325020868875361077059158902687
0.49602359673599727363667452085219
0.89242997076172919341970487371399
0.34271020800042689770536453112782
0.80416568120775964193126242523229
0.56220660523054015099925198943095
0.87867193580772358576317688531073
0.38058321537336617345342488420576
0.84157767733834720710352198531833
0.475961901247588716866789063471
0.89042359557603350770402144526604
0.34831751441857925816357130099413
0.81035062006350100663443259047349
0.5486381493932338009128282159064
0.88404110610238120252094267533338
0.36596380159199590141091136627498
0.82834983614402457478378179024502
0.50759767010167815916596062479482
0.89228034431401385422501884625396
0.34312936752001703692849092387366
0.80463578355102927968377711181915
0.56118489036644244531188648611836
0.87912200216132830746464297088755
0.37936565843301461325620538852543
0.84053426820154242957077893926841
0.47850270953666391496427193954209
0.89083662648933387984905911300759
0.34716554784516079212405743460775
0.80909830692152294297515734365996
0.55140751344292164233666803266872
0.88305200673739940674149764418248
0.36867243115106978427024262309789
0.83091581364819936228585618204348
0.50155853285533395181139401421543
0.89247774648164580855885081599483
0.34257633671111018267130434616794
0.80401527548385478441125011078967
0.56253316207342563457193940228703
0.87852651541096233104034054158235
0.38097630958533735816691545974431
0.84191228681337405609992486552151
0.47514544675396773929198671522076
0.89028108825195558606491430280293
0.34871469277757468315874623326933
0.81078019966133919222040982104128
0.54768559818330378259915330052223
0.88436866040680346630584961246789
0.36506526080827341916428750693911
0.82748704682938267048463852713212
0.50961772048571335931564891826861
0.89215619603909496871914368853496
0.34347703183166116573195589384259
0.80502474973214788890552869249271
0.56033832298367657991848672185914
0.87948926956373724336010519592483
0.37837102447694760036657483437941
0.83967404223491963300641529601812
0.480591602026810550145830787963
0.89114166972693065936565102917528
0.34631398303182675886405804566891
0.80816647239788604299047610943218
0.55346090560879332822444762096463
0.88228326895144341924373965829228
0.37077278064643074040628264452632
0.83286948825775488243150688519213
0.49692895415797358225534771605801
0.89245274865855501281860258218043
0.34264638459166010728827518955147
0.80409399093389603146850880810504
0.56236227736133072993273579294282
0.87860270776617111407295460969676
0.38077036849178985747986058212348
0.84173712332476667732952273028717
0.47557294923207279490996442118811
0.89035629989536236215654672044784
0.34850509048284688215853042402061
0.81055363867041885106609672647216
0.54818813947160657068350980526377
0.8841966585978217804057896667181
0.36553718843831284772224627540109
0.82794091596947940740932722307775
0.50855573830980609522535273984416
0.8922250955954241636484390289332
0.34328409939068271522415454858211
0.80480900385117227204385496968843
0.56080801759565575604646519745928
0.87928613328825562972465007244572
0.37892127737215860275764080086158
0.84015081066990782705580743729117
0.47943451469425884003565978274117
0.89097654805169392389321408851544
0.34677502248879784542619224435085
0.80867161284985280124453199768879
0.55234854670394267227254289864128
0.88270344472592245018765115293905
0.36962529699001926453745738527245
0.83180604084329085750260154709629
0.49945236123445446550434414724875
0.89248534731167864448801351633992
0.3425550370905749994230127358458
0.80399133334955529407164086699234
0.56258512968647706115122326978513
